2233.72 3 3 4 3 3 4 2 4 3 2 2 1 4 2 1 1 0 0 0 1 1 0 1 0 1 0 0 1 1 0 0 0 1 0 0 0 0 1 1 0 1 0 1 1 0 0 1 1 0 0 0 1 0 0 0 1 0 0 0 0 0 0 1 0 1 0 1 0 1 0 1 1 0 1 0 0 1 1 0 0 1 1 0 0 0 1 0 1 1 1 0 1 1 0 0 0 0 0 1 0 1 0 1 1 0 0 0 0 1 1 0 1 1 1 1 0 0 0 1 0 1 1 1 1 1 1 1 1 0 0 1 0 0 1 1 1 0 0 1 0 1 1 1 0 0 0 0 1 1 0 0 0 0 1 1 0 0 1 1 1 1 0 1 1 0 0 0 0 1 0 0 2 0 3621.04 0
2341.01 2 3 1 3 2 4 2 4 1 3 3 2 2 1 0 1 0 1 1 1 0 0 0 0 0 0 0 1 1 1 1 1 1 1 1 1 0 0 0 1 0 1 0 1 0 1 0 0 1 0 1 0 0 0 1 0 0 0 1 0 0 1 1 1 0 0 0 0 1 1 1 0 1 1 1 1 1 1 0 0 0 1 0 1 1 1 1 0 0 1 0 1 0 1 0 0 1 1 0 0 1 0 0 0 0 0 1 0 1 1 1 1 0 0 1 1 0 0 0 1 1 1 0 0 1 0 0 1 0 0 1 1 0 1 0 0 1 0 1 1 1 0 1 1 1 1 0 0 1 0 1 1 0 1 1 0 0 0 1 0 1 0 1 0 1 1 0 0 1 0 0 2 1 3939.83 0
2606.44 3 1 3 3 3 3 3 3 2 2 2 3 1 3 0 0 1 0 1 0 0 0 1 1 0 0 1 1 0 0 1 1 1 1 0 0 1 1 1 1 1 1 1 1 1 1 1 0 1 1 1 0 1 1 1 0 0 1 1 0 0 0 0 0 1 0 1 0 1 0 1 0 0 0 0 0 1 1 1 0 0 0 0 0 1 1 1 0 1 1 1 0 0 1 0 0 1 1 0 1 0 1 0 0 1 0 1 0 1 0 0 0 0 0 1 1 0 1 1 1 1 0 0 1 1 0 1 0 1 1 1 1 1 1 1 1 0 1 1 1 0 0 1 0 0 0 1 1 0 0 1 1 1 1 0 1 0 1 0 0 0 1 0 1 1 1 0 0 1 1 1 2 1 2272.43 0
3825.15 3 3 3 2 2 2 2 2 2 3 2 2 3 2 0 1 0 1 1 0 1 0 0 0 1 0 0 1 0 0 0 0 1 0 1 0 1 0 1 1 1 0 0 0 0 0 1 0 0 0 0 1 1 1 0 0 1 1 1 0 0 1 0 0 1 1 0 1 0 0 0 0 1 0 0 0 1 0 1 1 0 1 0 0 0 0 0 1 1 0 1 0 1 1 0 1 0 0 0 0 0 0 1 1 1 0 0 1 0 1 1 0 1 0 0 0 0 1 0 0 1 0 0 1 1 0 0 1 0 1 0 1 0 0 1 0 1 0 1 0 1 0 0 1 0 0 1 0 1 0 1 0 1 0 1 0 1 1 0 0 0 0 1 1 0 1 0 0 0 1 1 1 0 3126.10 1
3738.22 3 3 2 4 3 2 4 4 1 3 2 3 1 4 0 0 0 1 1 0 0 1 1 1 1 1 0 1 0 1 1 0 1 0 1 1 0 1 0 0 1 1 0 1 0 1 1 1 1 0 1 0 1 0 1 0 0 0 1 1 1 0 1 1 0 1 1 0 1 0 1 1 0 1 0 0 0 1 0 1 1 0 0 0 1 1 1 0 0 0 0 0 0 0 1 1 1 0 1 1 0 0 1 0 0 1 0 0 0 0 1 1 1 0 1 1 0 1 1 1 1 0 1 0 0 1 0 1 0 1 0 1 0 0 0 1 1 0 0 0 1 1 1 1 1 1 1 1 1 1 0 1 1 0 0 1 0 1 0 1 1 1 0 1 1 0 0 1 0 0 1 3 1 4196.02 0
2379.18 3 4 2 3 4 3 3 3 1 2 2 2 3 1 1 1 1 0 1 0 0 0 0 1 0 1 1 1 0 0 0 1 1 0 1 0 1 0 1 0 0 0 0 1 0 0 0 0 0 0 1 0 0 1 0 0 1 0 1 1 0 0 0 1 0 0 1 0 1 0 0 1 1 1 1 1 0 0 1 0 1 1 1 1 0 1 0 1 0 1 0 0 0 1 1 1 1 0 0 0 1 1 0 1 1 0 1 0 0 0 1 1 1 1 0 0 1 0 0 0 1 0 1 0 1 0 0 0 0 1 1 0 1 1 0 0 1 1 1 0 1 1 1 0 0 0 0 1 1 0 1 0 0 1 0 0 0 1 0 1 0 1 1 0 1 0 1 0 0 0 0 3 0 4032.02 1
2151.19 4 2 4 2 3 1 1 2 4 4 3 1 3 1 1 0 1 1 1 0 1 0 1 0 0 0 0 1 0 1 0 1 0 1 0 0 0 1 0 1 0 0 0 0 1 1 0 0 0 0 0 0 0 1 0 1 1 0 1 1 1 1 0 1 1 0 0 0 1 1 1 1 0 1 0 1 1 0 0 1 1 1 0 1 1 0 0 1 1 1 0 0 1 1 0 1 0 0 1 0 0 0 1 0 0 0 1 1 1 0 0 1 0 1 1 0 1 1 0 1 0 1 0 0 1 0 0 1 1 0 0 1 0 0 0 0 0 1 0 0 0 1 0 1 1 0 0 1 1 0 0 1 0 0 1 1 0 1 0 1 0 1 1 1 0 1 0 1 1 0 0 1 0 3481.67 1
4046.83 2 3 3 1 1 2 2 3 1 2 2 2 2 1 0 0 0 0 0 0 0 1 1 0 1 1 1 1 0 1 1 0 0 1 0 1 0 0 1 1 1 0 0 1 0 1 1 1 1 1 1 1 1 1 1 1 1 0 1 1 1 1 0 1 1 0 0 1 1 0 0 0 0 1 0 1 1 0 0 1 0 1 1 0 1 1 0 1 1 0 0 0 0 0 0 0 1 1 0 1 1 1 0 0 0 1 0 1 1 1 1 0 1 1 1 1 1 0 0 1 0 1 0 1 1 1 0 1 1 1 0 1 1 1 1 1 0 0 1 1 1 0 1 0 0 1 0 0 0 1 1 0 0 0 1 1 1 0 1 0 1 0 0 0 0 0 1 0 1 1 1 3 1 2477.57 0
3285.96 1 1 4 3 3 2 1 1 2 4 3 3 1 1 0 1 0 0 0 1 1 0 1 0 0 0 1 1 0 0 0 0 1 1 0 1 1 1 1 1 1 0 0 0 1 0 1 0 1 0 1 0 1 0 1 1 1 1 0 1 0 1 1 0 0 0 1 1 1 1 0 1 0 1 0 0 0 0 0 0 1 1 0 1 1 0 0 1 0 1 0 0 1 1 1 0 1 1 1 0 0 0 0 1 1 0 0 0 0 0 1 0 0 1 1 0 1 0 1 0 1 0 0 1 1 0 0 1 0 0 1 1 0 1 0 0 1 1 1 1 0 0 1 0 1 0 0 1 1 1 1 1 1 0 0 0 1 1 0 0 0 1 1 1 0 1 0 1 0 0 1 2 0 3233.43 1
3487.20 3 4 3 1 2 3 1 2 1 1 3 2 2 1 0 1 0 1 0 1 1 0 1 0 1 0 1 1 0 0 0 1 1 0 1 1 1 0 0 0 0 1 1 1 0 1 0 1 0 0 1 1 1 0 0 1 0 1 0 1 1 0 1 1 0 0 1 1 1 0 1 0 1 0 0 1 0 0 1 0 0 1 1 0 0 0 1 1 0 0 0 0 1 0 0 1 0 0 0 1 0 1 0 1 0 1 1 0 0 1 0 0 0 1 0 0 0 0 0 1 0 0 0 1 1 0 0 0 1 0 1 0 1 1 1 1 1 0 1 0 1 1 1 0 1 0 0 0 1 0 1 0 1 1 0 1 1 1 0 1 1 0 0 1 0 0 1 0 0 0 1 2 0 2988.31 0
3441.43 3 2 3 3 2 3 3 4 3 3 2 3 4 3 1 0 1 0 0 0 1 0 1 1 0 1 0 1 1 1 0 0 0 1 1 1 1 1 1 0 0 0 0 1 0 1 1 0 0 1 0 1 1 1 1 0 1 0 1 1 0 0 0 0 1 0 1 0 0 1 0 0 1 0 1 1 1 1 0 1 0 1 0 1 1 1 1 0 1 1 0 0 0 1 1 1 0 1 1 1 0 1 0 0 1 1 0 0 1 1 1 0 1 1 1 0 0 0 0 1 1 1 0 0 1 1 0 0 0 0 0 1 0 1 0 1 1 1 1 1 1 1 1 0 1 0 1 1 1 0 0 1 1 0 0 0 0 1 1 1 0 0 1 1 0 1 0 1 1 1 0 2 1 3251.15 0
2455.77 4 3 2 2 3 3 1 3 2 1 1 1 2 3 0 0 1 0 1 1 0 1 1 1 1 1 1 1 1 1 1 1 0 1 1 0 1 1 0 1 0 0 0 1 1 0 0 0 1 1 0 0 0 1 1 1 1 0 0 1 1 1 0 1 1 1 0 0 0 1 1 1 1 0 1 1 0 0 1 1 1 0 1 0 1 0 1 1 0 0 1 0 1 1 1 0 1 1 1 1 1 0 1 0 0 0 1 0 0 1 0 0 0 1 1 1 1 0 1 0 0 0 0 1 1 0 0 1 1 0 0 0 1 0 1 0 1 1 1 0 1 0 1 1 0 1 0 0 0 0 1 0 1 1 0 1 0 1 1 0 0 1 1 0 0 1 0 0 0 1 1 2 1 2334.55 0
4160.56 3 1 1 3 2 3 3 4 4 1 3 1 1 1 1 0 1 1 0 0 0 0 0 0 0 0 1 0 0 0 1 1 1 0 1 1 1 1 1 1 0 1 0 0 1 1 0 0 1 0 1 1 0 1 0 0 1 1 1 0 0 1 1 1 0 0 1 1 1 0 0 0 1 0 1 1 1 0 0 1 1 0 1 1 1 1 0 1 1 1 1 1 1 0 0 1 0 1 1 0 1 1 1 0 1 0 1 0 1 1 1 1 0 0 0 1 1 0 1 0 1 1 1 0 1 1 1 1 1 1 1 0 0 1 0 1 1 0 0 0 1 0 0 1 1 1 1 0 0 0 1 1 1 0 0 0 0 0 1 0 0 0 0 0 0 0 0 0 0 1 0 2 1 3205.32 0
2547.79 1 2 3 3 3 1 4 2 1 4 3 3 3 2 0 1 1 0 1 1 0 1 1 1 1 0 1 1 0 0 1 0 1 1 0 1 1 0 1 0 0 1 1 1 1 1 0 0 0 0 0 0 1 1 0 0 0 0 0 0 0 0 1 1 1 1 1 1 1 1 0 0 0 0 1 1 0 1 1 1 0 1 1 1 1 1 1 0 1 1 1 1 1 1 1 1 0 0 1 0 1 0 0 0 1 1 1 0 0 1 0 0 1 1 0 1 0 1 1 1 0 1 0 0 0 0 1 1 0 0 0 0 1 1 1 0 0 0 1 0 0 1 0 0 0 0 0 0 0 1 1 1 1 1 0 0 0 1 0 0 0 1 1 0 0 1 0 0 0 0 0 3 0 3674.50 0
3521.14 3 1 2 2 3 4 2 2 2 3 3 2 1 1 0 0 1 0 1 1 0 0 1 1 0 0 0 0 1 1 1 0 1 1 0 1 0 0 1 1 1 1 1 1 0 1 0 1 1 0 0 1 1 1 0 1 0 0 1 0 1 0 0 0 1 0 0 1 1 1 0 0 0 0 1 0 1 1 1 0 1 0 0 1 1 1 1 0 0 1 1 0 1 0 0 1 1 0 0 1 0 1 0 0 0 1 1 1 0 0 1 1 1 1 0 1 1 0 0 1 0 0 0 0 0 0 0 1 0 1 0 1 0 1 1 0 0 1 0 0 1 0 0 0 0 1 0 1 1 0 1 1 1 0 1 1 1 0 1 0 1 1 1 1 1 1 0 1 0 1 1 2 1 3353.62 0
3209.07 4 4 2 3 2 4 2 2 3 2 2 2 3 3 0 1 0 0 0 1 0 0 0 1 1 0 0 1 1 0 0 0 0 1 1 1 1 1 0 0 1 1 1 0 0 1 1 1 0 1 0 0 1 0 1 1 1 0 0 1 0 0 1 1 0 0 1 0 0 1 1 1 1 1 0 0 0 1 1 0 0 1 1 1 0 0 1 0 1 1 1 0 0 0 0 1 0 1 1 1 0 0 1 0 1 0 0 1 0 1 0 0 1 1 1 0 1 0 0 1 1 0 1 1 1 0 1 1 1 1 1 0 0 1 0 0 0 0 1 0 1 1 1 1 0 0 0 1 1 1 0 1 1 1 0 0 1 1 0 0 1 1 1 1 1 1 0 0 0 1 1 3 0 2602.69 0
3771.22 3 2 4 3 3 1 1 3 3 2 2 1 4 2 0 1 0 1 0 0 0 1 1 0 0 1 0 0 0 0 1 1 0 1 1 1 1 1 1 1 0 0 1 0 1 0 1 1 1 0 1 0 1 1 1 1 0 1 1 0 0 1 1 0 1 1 1 0 1 1 1 0 1 1 0 0 0 1 1 1 0 1 0 0 0 0 0 0 0 1 0 0 1 0 0 0 1 1 1 0 1 1 1 1 0 0 1 0 0 0 1 0 1 1 0 0 0 1 1 1 1 0 0 1 0 1 1 0 1 1 1 1 0 0 0 1 1 0 0 1 0 0 1 0 0 0 1 1 0 1 1 0 0 0 1 1 1 0 1 1 1 0 0 0 0 0 1 0 1 1 1 2 0 3886.89 1
3424.97 1 3 2 1 2 4 3 2 4 3 3 3 1 4 1 0 1 0 1 1 1 1 1 0 0 0 1 1 1 0 1 0 0 1 0 1 0 1 1 1 0 1 0 1 1 0 0 1 0 0 1 1 1 0 0 1 1 1 0 1 0 1 0 1 1 0 0 1 1 1 1 1 0 1 0 0 1 0 0 1 0 1 0 0 0 0 1 0 1 1 0 1 0 0 0 0 0 0 1 0 0 1 0 1 1 0 0 1 1 0 0 1 0 1 0 0 1 1 0 1 1 1 1 1 1 1 1 0 0 1 1 0 1 0 1 0 0 1 0 1 1 0 1 0 0 1 0 0 0 1 0 1 0 0 0 0 0 0 0 1 0 1 0 1 0 0 1 0 0 1 1 2 0 3121.25 0
3675.37 1 1 4 3 3 2 2 3 2 3 3 4 1 4 1 0 1 1 0 1 0 0 0 0 0 1 1 1 1 1 0 0 0 0 0 1 1 0 1 0 1 1 1 1 1 0 0 0 1 1 1 0 0 0 1 1 1 0 1 0 0 0 0 0 1 0 0 1 0 1 0 1 1 0 0 0 0 0 1 0 0 0 0 1 1 0 0 1 0 0 1 1 1 0 0 1 0 0 1 1 1 0 0 0 1 0 1 1 1 0 1 0 1 0 0 1 1 1 1 1 1 1 0 1 0 1 0 0 1 1 1 0 1 1 0 1 0 0 1 0 0 1 1 1 0 1 0 0 0 0 1 1 1 0 1 1 0 0 1 0 0 1 0 0 0 0 1 0 0 0 1 1 1 4032.88 0
4178.74 4 2 3 3 3 3 3 3 1 1 2 3 2 3 1 1 0 1 1 1 1 1 0 1 1 0 1 1 0 1 0 1 1 0 0 0 1 0 0 1 0 0 1 0 1 0 1 1 0 0 1 0 1 1 0 0 1 0 1 0 1 1 0 0 0 1 1 0 0 0 1 0 1 0 0 1 0 1 1 0 0 0 0 1 0 1 0 0 0 1 0 0 1 0 0 1 0 0 0 0 1 0 0 1 1 1 1 0 0 0 0 0 0 1 0 1 1 1 1 0 1 1 0 0 0 1 1 0 1 0 0 0 1 1 0 0 1 0 1 0 0 1 1 0 1 0 1 1 0 1 1 1 0 1 0 0 1 0 1 1 1 0 1 0 0 1 1 0 1 1 0 2 0 4004.39 1
2835.48 2 1 3 2 1 2 2 2 1 3 3 3 3 2 1 1 0 1 0 0 0 1 1 0 0 1 0 1 1 1 0 0 0 0 1 1 0 0 1 1 0 0 1 0 0 0 1 0 1 0 1 1 0 0 1 1 1 0 1 1 1 1 1 1 0 1 0 1 1 1 1 1 1 0 0 1 1 0 0 1 0 0 1 1 1 1 1 0 1 1 1 1 1 0 1 0 0 0 1 1 1 0 1 0 1 1 1 1 1 0 0 0 1 1 1 0 1 0 0 1 1 0 1 1 1 1 0 1 0 1 0 0 1 0 1 0 1 0 0 0 1 1 0 0 0 1 1 1 0 0 0 1 1 1 0 1 1 1 0 0 1 0 1 1 0 0 0 1 1 0 0 3 0 3109.20 1
2985.48 3 4 4 2 3 3 2 1 4 1 1 3 2 1 0 0 0 1 1 1 1 0 0 0 0 0 0 0 1 1 0 1 0 0 0 1 1 0 1 0 1 1 1 0 0 0 1 0 0 1 0 1 0 1 1 0 0 0 1 1 1 0 0 1 0 1 1 0 1 1 0 1 0 1 0 1 1 1 1 1 0 0 0 0 1 1 1 1 1 1 0 0 0 1 0 0 1 1 1 0 0 0 1 0 0 0 0 1 1 0 0 0 0 1 0 1 1 0 0 1 1 1 0 0 0 1 1 0 1 0 0 1 0 0 1 0 0 1 0 1 0 0 0 0 1 0 0 0 1 0 1 1 1 0 1 0 0 1 0 0 0 1 1 0 1 0 1 1 0 0 0 3 1 2828.33 0
3492.13 3 2 3 3 3 1 2 3 3 2 4 3 3 3 1 0 1 0 0 1 0 1 0 0 0 1 0 1 0 1 0 0 0 1 0 0 1 1 0 1 0 1 1 0 1 1 0 0 0 0 0 0 0 0 0 0 0 1 0 1 1 0 1 0 0 0 1 0 1 0 1 0 1 1 1 0 1 0 1 1 1 1 1 1 1 0 0 1 1 0 0 0 1 0 1 1 0 1 1 1 0 1 1 1 1 0 1 0 1 0 0 1 0 1 1 1 1 0 1 0 0 1 1 0 1 1 0 1 0 1 0 0 0 1 1 1 0 1 0 0 1 0 1 1 1 0 1 1 0 1 0 1 1 1 0 0 0 1 1 0 1 1 0 1 1 0 0 0 0 1 1 1 1 3781.45 0
3489.52 3 1 2 3 2 3 2 2 2 2 2 4 3 2 1 0 0 0 1 1 1 0 0 0 0 1 1 0 0 1 0 1 0 1 0 0 0 1 0 0 1 0 0 1 1 1 0 1 1 1 1 1 1 1 0 0 1 1 0 0 0 0 0 0 1 0 0 0 0 1 1 0 1 0 0 0 0 1 1 1 1 1 1 1 1 1 1 0 0 1 0 0 1 1 1 1 0 1 0 0 1 1 0 1 1 0 1 0 0 1 1 0 1 0 1 1 0 0 1 1 0 0 0 1 0 1 0 0 0 0 1 1 0 0 0 0 1 1 0 1 1 0 1 1 0 0 0 0 1 0 1 1 1 1 0 1 1 1 0 0 1 0 1 0 1 0 1 0 0 1 0 3 0 2545.99 0
2699.93 4 3 2 2 2 3 3 2 2 2 1 3 3 2 0 1 1 1 1 0 0 1 1 0 1 0 0 1 1 1 0 1 0 1 1 1 1 0 1 0 1 0 0 0 0 0 1 0 0 0 0 0 1 0 1 0 1 1 1 0 1 0 1 1 1 1 0 0 1 0 1 1 0 1 1 0 1 1 0 0 1 0 1 0 0 1 1 0 0 1 0 0 1 1 1 1 1 1 0 0 0 1 0 0 0 0 0 0 1 1 0 0 0 1 0 1 0 1 0 1 1 1 1 1 0 1 1 1 1 1 0 1 1 0 1 0 1 0 1 1 1 0 1 1 1 1 1 0 1 0 0 1 0 1 0 0 1 0 1 0 0 1 1 1 0 1 1 0 1 1 0 3 0 2299.09 1
3550.74 4 2 2 2 3 3 1 1 1 1 3 1 3 2 1 0 1 0 1 0 0 0 1 1 0 1 1 1 1 0 1 0 1 0 0 0 0 1 0 0 0 1 1 0 0 1 1 1 1 0 0 0 1 0 0 0 1 0 1 0 1 0 1 1 1 1 1 1 0 0 0 0 0 1 0 1 1 1 1 1 0 1 1 0 0 1 1 1 1 0 1 1 0 0 0 1 1 1 1 0 1 0 1 0 1 0 1 0 1 0 1 1 1 0 1 0 1 1 0 1 1 1 1 1 1 1 1 0 0 1 1 0 0 0 1 0 1 0 1 0 1 0 0 0 0 0 0 1 0 0 0 0 0 1 1 0 1 1 0 0 0 1 0 1 1 0 1 0 1 0 0 3 0 2250.83 0
2995.53 1 3 2 3 2 4 2 4 1 1 3 2 1 4 1 1 1 1 1 0 0 0 0 1 0 1 0 1 1 1 0 1 0 0 0 1 1 1 1 1 1 1 0 0 1 1 1 1 0 1 0 0 1 1 1 0 0 1 1 0 0 1 1 1 0 0 1 1 0 0 1 0 0 0 0 0 0 0 1 0 0 0 0 0 0 0 1 1 0 0 1 0 1 0 1 0 0 0 1 0 1 0 0 0 1 1 1 1 0 0 1 0 0 1 1 1 0 0 1 0 1 1 1 1 0 0 0 1 1 1 0 1 0 1 1 0 1 0 1 1 1 0 1 0 1 1 0 1 1 1 0 0 0 1 0 1 1 0 0 0 0 1 1 0 0 1 0 0 0 0 0 2 1 4281.58 0
2953.41 2 1 1 1 3 3 3 1 3 4 3 3 2 3 1 0 1 0 1 0 0 1 1 1 0 1 1 0 0 0 0 1 0 0 0 1 0 0 1 1 0 1 0 0 0 1 0 0 0 1 1 1 0 0 1 1 1 1 0 0 0 0 0 1 0 1 0 1 0 0 0 0 0 0 1 0 1 1 1 0 0 1 0 0 0 0 0 1 0 1 0 1 1 1 1 0 0 0 1 1 1 1 1 1 0 0 1 0 0 0 1 0 0 0 0 0 1 0 0 0 0 1 1 1 0 0 1 1 1 0 1 0 0 0 0 0 0 1 0 1 0 1 1 0 1 0 1 0 1 0 0 0 0 1 1 1 0 1 1 0 0 0 0 0 0 0 0 1 1 0 1 1 1 4159.62 0
4249.89 3 4 2 1 3 3 2 1 3 2 3 2 2 4 0 1 0 0 1 1 0 1 1 1 1 0 0 0 0 1 1 1 1 1 0 0 1 0 0 0 0 0 0 0 0 1 1 1 0 0 0 0 0 1 0 1 0 1 1 0 1 0 1 0 1 1 1 0 0 1 1 0 0 1 1 1 0 1 0 0 0 1 0 0 0 0 1 1 0 0 0 1 1 1 0 1 1 1 0 0 0 0 0 1 1 1 1 1 0 1 1 0 0 1 1 0 0 1 0 1 0 0 0 1 0 1 0 1 1 1 0 1 1 1 1 1 1 0 1 0 1 0 0 1 0 0 1 0 1 1 1 0 0 0 1 0 1 0 0 1 0 1 0 1 1 1 0 0 1 0 1 1 0 3892.99 0
2938.29 1 2 2 4 1 2 3 2 3 3 1 1 3 2 0 0 0 1 0 0 0 0 1 1 0 1 1 1 0 1 1 0 1 1 1 0 1 0 0 1 1 0 0 0 1 1 0 1 0 0 1 1 0 1 0 1 1 1 1 1 0 1 1 0 1 0 1 0 1 0 0 1 0 1 1 1 1 1 0 1 0 0 1 1 1 0 0 0 0 0 1 0 0 0 0 1 0 0 1 0 0 1 0 1 0 0 0 1 0 1 0 1 1 0 1 1 0 1 0 0 1 0 1 0 1 1 1 0 0 0 0 0 1 0 0 1 0 0 1 1 1 0 0 0 1 0 0 1 1 0 0 0 1 1 0 0 1 1 0 1 0 0 0 1 1 0 1 1 1 1 1 2 0 3421.69 1
4080.02 3 1 3 3 2 3 4 3 4 2 4 3 2 3 1 0 1 1 1 0 0 1 0 0 0 1 1 1 1 0 0 0 1 0 0 0 1 0 1 0 1 1 1 1 0 0 0 1 1 0 1 1 0 0 1 1 0 1 1 0 1 1 0 1 1 1 0 0 0 1 0 1 1 1 1 0 0 0 0 0 0 0 1 1 0 0 1 1 0 0 0 0 1 1 1 0 0 0 0 1 1 0 1 1 0 0 0 0 1 0 0 0 0 1 1 0 0 1 0 0 0 1 1 0 1 0 0 0 1 0 1 0 0 1 1 0 0 1 0 0 1 0 0 1 0 0 0 0 1 1 1 1 1 1 0 0 1 0 0 0 1 0 1 0 0 1 1 0 0 1 0 3 1 3347.33 0
4160.24 2 4 2 2 3 3 1 2 4 2 2 2 3 2 0 0 1 1 0 0 0 0 1 1 0 1 0 1 1 1 1 0 0 0 0 0 1 1 1 0 0 1 1 1 0 0 1 0 0 1 0 0 0 0 0 1 0 1 1 0 1 0 0 1 0 0 0 0 0 0 1 0 1 1 1 0 1 0 1 1 0 0 1 0 1 0 0 0 1 0 0 1 0 1 1 0 1 1 0 0 1 1 1 0 0 1 1 1 1 1 1 0 1 1 0 0 0 0 0 1 1 1 0 1 0 0 0 1 1 0 1 0 0 0 1 0 1 1 0 0 0 0 0 0 1 1 1 0 0 1 1 0 0 0 1 1 0 0 0 0 0 1 1 1 1 1 1 0 0 1 1 3 1 2651.58 0
2686.83 1 2 3 2 3 2 2 3 3 3 3 3 3 1 1 1 1 1 1 1 0 1 0 0 1 0 0 1 0 1 1 1 0 1 1 1 1 1 0 0 1 1 1 1 1 0 0 0 0 1 1 0 1 0 1 1 1 1 0 1 1 0 0 0 1 1 1 0 0 0 1 1 0 1 0 1 1 1 1 0 1 0 1 0 0 1 0 1 0 0 1 0 1 0 1 1 0 0 0 1 0 0 0 0 0 0 1 1 0 0 0 0 0 1 1 1 1 0 0 0 1 1 1 1 1 0 1 0 1 0 1 0 1 0 0 0 0 0 1 1 0 1 1 0 0 1 1 1 0 0 1 1 1 0 1 1 1 0 1 0 1 1 1 1 0 1 0 0 0 0 1 1 1 2565.74 0
3693.76 4 1 3 2 1 2 2 2 3 1 4 2 1 2 1 1 1 0 1 0 0 1 1 1 0 0 0 0 0 0 1 0 1 1 0 1 0 0 0 1 0 1 0 1 0 1 0 1 1 0 1 1 1 1 0 0 0 1 0 0 0 0 1 1 1 0 1 0 1 1 0 0 1 0 0 0 0 0 0 1 1 0 1 0 0 0 0 0 0 0 1 0 0 1 0 1 0 0 0 0 0 0 1 1 0 1 1 0 0 1 0 1 1 1 1 1 1 1 1 0 1 1 0 0 0 1 0 0 1 1 0 1 1 1 1 0 1 1 0 1 1 1 0 0 0 0 1 0 0 1 0 0 0 0 1 0 1 0 1 1 0 0 1 1 0 1 1 0 1 1 0 2 0 2750.44 0
3683.13 2 2 3 2 4 1 2 3 3 3 4 2 1 1 0 1 1 1 0 0 0 1 1 1 0 0 0 0 1 1 1 1 1 1 1 1 0 1 0 0 1 0 1 0 1 0 0 0 0 0 1 0 0 0 0 1 1 0 0 0 1 1 1 1 0 0 0 0 1 1 1 1 1 0 0 1 0 1 0 0 1 0 1 1 0 0 0 0 0 0 1 1 1 1 1 0 1 0 0 1 1 1 1 1 1 1 1 1 1 1 1 1 0 1 1 0 1 0 1 0 0 0 1 0 0 0 0 1 1 0 1 1 1 0 0 1 0 1 1 0 0 0 1 1 1 1 0 1 1 1 0 1 1 1 0 0 1 1 0 0 1 1 0 0 0 1 1 1 0 0 0 3 1 2818.30 0
2416.39 3 4 4 1 4 3 2 4 4 3 1 2 3 3 0 0 0 0 0 0 1 0 1 1 1 0 1 1 0 1 0 1 1 0 1 0 0 0 0 1 0 1 0 0 1 1 0 1 1 0 1 0 0 1 0 1 1 1 0 1 0 0 1 1 1 1 0 0 0 0 0 0 0 1 0 0 1 0 0 0 1 0 0 1 1 0 1 1 1 0 0 1 1 1 0 1 0 1 0 0 1 0 0 1 0 0 0 0 1 1 0 1 0 1 0 1 1 0 1 1 0 0 0 1 0 0 0 0 1 1 0 1 1 1 1 1 1 1 0 0 0 1 1 0 0 1 1 1 1 1 0 1 0 1 1 0 0 0 1 0 1 1 1 1 1 0 1 1 1 0 0 1 0 3913.83 1
2659.15 3 2 4 1 3 3 4 3 2 3 1 1 2 1 0 0 0 0 1 1 1 0 0 1 1 1 1 0 0 1 1 1 0 1 1 1 1 0 1 0 0 1 1 0 1 0 0 0 1 1 0 1 1 1 1 1 1 1 0 1 0 0 0 0 0 0 0 0 1 1 1 1 0 0 1 1 1 0 1 1 0 1 0 1 1 0 1 0 0 1 0 0 1 0 1 1 1 1 1 0 1 0 1 1 1 1 0 0 0 1 1 1 1 0 1 0 1 0 1 1 1 1 1 0 0 1 1 0 0 1 1 0 0 0 1 1 0 1 0 1 0 1 1 0 0 0 0 0 1 0 0 1 0 0 1 0 1 0 1 0 1 1 0 0 1 0 1 1 0 1 1 1 1 2921.53 0
2507.10 2 2 2 1 1 1 2 2 1 3 4 3 2 2 1 0 1 0 0 0 1 1 1 0 0 1 1 1 1 1 1 1 0 0 0 1 0 0 0 1 1 1 1 0 1 1 0 1 1 1 1 0 0 0 0 0 0 1 0 0 1 0 1 0 0 1 1 1 1 0 0 1 1 1 0 0 1 1 0 0 0 1 0 1 1 1 0 0 1 0 1 1 0 1 0 1 1 1 1 1 0 1 0 0 1 1 1 1 0 0 0 0 1 0 1 0 1 0 0 0 1 1 1 1 1 1 1 0 1 0 0 1 0 0 1 1 1 1 0 1 0 0 0 1 1 0 1 0 1 1 1 0 0 1 0 1 1 0 0 1 1 1 1 1 0 0 0 1 1 1 1 2 1 3415.45 0
2672.89 2 3 2 2 2 3 2 1 1 4 2 3 4 2 1 0 0 0 1 1 0 0 0 0 0 0 1 1 1 1 0 0 0 1 0 0 0 0 0 1 0 0 1 0 0 0 1 0 0 0 0 0 1 1 1 1 0 1 1 1 0 1 0 0 0 0 0 0 0 1 1 0 0 0 0 1 1 1 0 1 0 1 0 0 0 1 0 0 0 1 1 0 0 0 0 1 0 1 0 0 0 0 1 1 1 1 0 0 1 0 1 0 0 1 0 0 0 1 0 1 1 0 0 1 1 0 1 0 1 1 0 0 1 0 1 0 1 1 1 1 0 0 1 0 1 1 0 0 1 0 1 0 1 0 0 0 1 1 0 1 0 1 1 0 0 1 0 0 1 0 0 1 1 2787.15 0
2723.92 3 2 1 3 2 2 3 3 2 2 3 4 2 4 0 1 0 0 1 0 0 0 1 0 1 0 1 1 0 0 1 0 1 1 1 1 0 0 0 0 0 0 1 1 0 1 1 1 1 1 1 1 0 0 0 1 1 0 0 1 0 1 0 0 1 1 0 1 0 1 1 1 1 1 1 0 0 0 1 0 1 1 0 0 1 1 0 1 0 1 0 1 0 1 1 0 1 0 0 0 1 1 0 1 0 1 1 1 1 1 0 0 1 0 1 1 1 0 1 1 0 0 0 1 0 0 1 0 1 0 1 0 0 1 1 0 0 1 0 0 1 0 1 1 0 1 1 0 0 1 0 0 0 0 0 1 1 1 0 0 0 0 1 0 1 0 1 0 1 1 1 1 1 2524.48 0
3732.60 2 2 1 4 4 2 3 2 3 3 3 2 2 1 0 1 1 1 1 0 1 1 0 0 1 0 1 0 0 1 0 1 0 0 1 1 0 1 1 1 1 0 1 0 0 0 1 1 1 0 0 0 1 0 1 0 1 0 1 1 0 1 0 1 1 1 1 0 1 1 1 1 1 0 1 1 1 1 1 1 1 0 0 1 1 0 0 0 0 1 0 1 1 1 0 1 0 1 0 1 1 0 0 0 0 0 1 0 0 1 0 1 1 1 0 1 0 0 1 0 1 0 0 1 1 0 1 0 1 1 1 1 0 0 1 1 1 0 0 0 1 0 0 0 0 1 1 1 0 1 0 0 0 1 0 1 1 0 0 1 1 1 0 0 0 1 1 0 1 1 0 2 1 3884.26 0
3273.71 3 2 2 2 2 1 3 1 3 3 1 1 3 2 0 0 1 1 1 1 1 1 1 1 0 0 1 0 0 1 1 1 0 0 1 0 0 1 1 1 1 1 1 1 0 0 0 0 0 1 1 0 1 0 0 0 1 0 1 1 0 0 0 0 0 1 1 0 0 0 0 1 1 1 1 1 0 0 1 1 0 0 1 1 1 1 1 0 0 1 1 0 0 1 1 0 0 0 0 1 0 0 0 1 0 0 1 0 0 1 1 0 0 0 1 0 0 0 0 1 1 1 1 0 1 0 0 0 1 0 0 0 0 0 1 0 1 0 0 1 1 0 0 1 1 0 0 0 0 1 0 1 0 0 1 1 0 0 0 0 0 1 1 0 0 0 0 0 0 1 1 2 0 3691.52 1
2288.35 1 1 3 3 2 4 3 3 3 1 1 2 1 1 1 0 0 0 1 0 0 0 1 0 1 1 1 0 1 0 1 1 0 0 1 0 0 1 0 1 0 0 0 0 1 0 1 0 1 0 0 0 1 1 0 0 0 1 1 1 0 0 0 1 1 1 1 0 1 0 0 0 1 0 1 0 0 1 1 1 0 0 0 1 0 0 0 0 1 0 0 0 1 0 1 0 1 1 1 0 1 0 0 1 0 0 0 1 0 0 0 1 0 1 1 0 0 1 1 1 0 0 0 0 1 1 0 0 1 1 0 0 1 1 1 0 0 1 0 1 0 0 0 1 0 1 1 1 1 0 1 1 1 1 1 1 0 1 0 1 1 1 0 0 0 0 1 0 0 1 0 3 1 2604.22 0
3341.81 3 2 3 4 4 2 4 4 4 1 4 3 3 4 1 1 1 1 0 1 1 1 1 0 0 0 1 1 0 0 0 1 0 0 0 1 1 1 0 0 1 0 0 1 0 1 1 0 1 0 1 0 1 1 1 0 1 0 0 0 1 1 1 0 1 0 1 1 0 0 1 1 0 0 1 0 0 1 0 1 0 1 0 0 1 0 0 0 1 1 1 0 1 1 1 1 0 0 0 0 0 0 1 1 0 0 1 0 1 1 0 1 0 0 1 1 0 0 0 0 0 0 1 1 0 1 0 1 1 1 1 0 1 1 0 0 1 0 0 1 0 1 0 0 1 1 0 1 0 0 1 0 1 0 1 0 1 1 0 0 1 1 1 1 1 0 1 1 0 1 0 1 0 4286.04 1
3335.31 3 4 4 4 2 4 4 3 4 4 2 3 1 1 0 1 0 0 0 0 1 0 0 1 0 1 0 1 0 0 0 1 0 1 1 0 1 0 1 0 1 0 0 1 1 0 1 1 0 1 0 1 0 1 0 0 1 1 0 0 1 0 1 1 1 1 1 0 0 0 1 1 0 0 1 0 1 1 1 1 0 0 0 0 1 0 1 1 0 1 1 0 1 1 0 0 0 1 0 1 0 0 0 0 0 0 1 0 1 1 1 0 1 1 1 1 0 1 0 0 1 0 1 1 0 1 1 0 0 0 1 0 1 1 0 0 0 1 0 1 0 1 1 0 0 1 1 0 0 0 1 1 0 1 0 1 1 0 1 1 0 1 0 1 1 0 1 1 1 0 0 1 1 2447.65 0
4285.72 4 1 2 3 2 2 2 2 3 2 2 2 1 3 1 1 0 1 1 1 0 1 1 1 1 0 0 0 1 0 1 0 0 0 0 1 1 1 1 1 0 1 0 1 1 0 1 0 0 0 1 0 0 0 1 0 1 1 0 0 0 0 0 0 1 1 1 0 0 1 1 0 1 1 1 0 0 0 1 0 0 0 0 0 1 0 0 1 1 1 1 1 0 0 0 1 1 1 1 0 1 1 0 0 1 0 0 0 1 0 1 0 1 1 0 0 0 0 1 1 1 0 1 1 1 1 1 1 0 0 1 0 0 1 0 1 1 0 1 1 0 1 0 0 1 0 0 0 1 0 0 1 1 0 0 1 0 0 1 0 0 1 1 0 1 0 0 0 1 0 0 1 1 2238.53 0
4041.20 1 2 1 3 2 4 2 2 4 4 2 3 3 2 1 1 0 1 1 0 1 1 0 1 1 0 0 1 1 0 1 1 0 0 0 1 1 0 1 0 1 0 0 0 0 1 1 1 1 1 0 1 1 0 0 1 0 0 0 1 1 0 0 1 0 0 0 0 1 1 1 1 0 1 1 0 1 1 0 1 1 1 0 0 0 0 0 1 0 1 0 0 1 1 0 1 0 0 1 1 1 0 0 1 0 0 1 1 1 0 0 1 1 0 0 1 0 0 1 0 0 1 1 1 0 1 0 0 1 1 0 1 0 1 1 1 1 1 1 0 0 1 0 0 1 0 1 1 1 0 1 1 0 1 1 1 0 1 0 1 1 0 0 1 0 0 1 1 1 1 0 2 0 2516.22 1
2910.79 4 1 1 2 2 3 3 4 2 3 2 1 4 2 1 0 0 1 1 0 0 0 0 0 0 1 0 0 0 1 0 0 0 1 0 1 0 1 1 0 1 1 0 1 1 0 1 1 0 0 1 1 0 0 0 1 0 1 0 0 1 1 0 0 1 0 1 1 1 1 0 1 1 1 0 1 1 0 0 0 0 1 1 1 1 0 0 1 1 1 1 1 1 1 1 0 0 1 0 1 1 0 1 0 0 1 1 1 0 0 1 0 1 1 1 0 0 1 1 0 0 1 1 0 0 1 0 0 0 0 0 0 1 0 1 1 1 1 0 0 1 0 1 0 1 1 1 0 0 1 1 1 0 1 0 1 0 0 0 1 1 1 1 1 0 0 1 1 1 0 1 1 0 3417.73 1
2218.48 2 1 1 2 4 3 3 2 1 1 2 1 4 3 0 1 1 0 1 0 1 1 1 0 1 0 1 1 1 1 0 0 1 1 0 0 1 0 1 0 1 1 1 1 1 1 0 1 0 1 1 1 0 1 1 1 1 1 0 1 1 0 0 0 0 1 0 0 1 0 1 1 1 0 0 0 1 1 1 1 0 1 1 1 1 1 1 0 0 1 1 0 0 1 0 1 1 1 1 0 1 0 1 0 1 1 1 1 0 1 0 1 0 0 1 1 0 0 1 0 0 0 0 1 1 1 1 1 0 1 0 1 1 0 1 1 0 0 1 1 1 1 1 1 0 1 0 0 1 1 0 0 0 0 0 1 1 0 1 0 1 1 1 1 0 0 1 1 0 1 1 2 0 3500.97 0
2985.32 3 3 4 2 3 2 2 1 2 1 2 3 2 3 0 1 1 0 0 0 0 0 1 1 0 0 0 0 1 0 0 1 1 1 1 1 1 0 0 1 1 1 0 0 1 1 0 1 1 1 1 1 0 0 1 0 0 1 0 0 1 0 0 1 1 0 0 1 1 0 0 0 1 0 0 1 1 1 1 1 0 1 0 0 1 0 0 1 0 0 1 0 0 1 1 0 0 1 0 0 0 0 0 0 0 0 1 1 0 0 0 0 0 1 1 1 0 0 1 0 1 0 1 1 0 1 1 0 0 1 1 1 0 0 0 0 1 0 0 1 0 1 0 1 0 1 1 1 1 1 1 1 1 0 0 1 1 0 1 0 0 0 1 1 0 1 1 1 0 0 1 2 1 2827.56 0
2357.76 3 1 2 2 2 4 1 2 1 1 2 1 2 3 0 0 1 0 1 0 1 0 0 1 1 1 0 1 0 0 0 1 0 1 0 1 0 0 0 1 1 0 0 1 0 0 0 0 1 0 1 1 1 0 1 1 0 1 1 1 1 1 0 0 0 0 0 0 1 0 1 1 0 0 1 0 0 0 1 1 0 0 1 0 1 0 1 0 1 0 1 0 1 0 0 1 1 0 0 0 0 1 0 1 1 0 0 1 0 0 0 1 0 1 0 1 1 0 0 0 0 1 1 1 0 0 1 1 1 1 1 1 0 0 0 1 0 0 0 0 0 1 1 0 0 0 1 0 1 0 0 0 0 1 1 1 0 1 1 0 0 0 0 0 0 0 0 1 1 0 1 2 1 2608.11 0
4184.01 2 3 4 3 3 2 2 1 3 3 2 3 4 3 0 0 1 0 1 1 0 1 0 1 1 1 0 0 1 1 1 0 1 1 1 1 0 0 1 0 0 0 0 1 1 1 1 0 1 1 1 0 1 0 0 1 1 1 1 1 1 1 0 0 1 1 1 1 1 1 1 1 0 1 1 0 1 0 0 0 1 0 1 0 0 0 0 1 0 0 0 0 0 1 0 1 1 0 0 1 1 0 1 0 0 0 0 0 1 1 0 1 0 1 1 1 0 1 0 1 1 0 1 0 0 0 1 0 1 1 1 1 0 1 0 1 0 1 0 1 1 1 1 1 1 1 1 1 1 1 1 0 1 0 1 1 0 1 0 0 1 0 1 1 0 1 1 1 1 0 1 3 1 3942.75 0
2618.17 3 2 4 1 3 2 3 2 4 3 4 3 3 4 0 1 1 1 1 1 1 0 0 0 1 0 0 1 0 1 1 0 0 1 1 1 1 0 1 1 0 1 0 0 1 0 0 1 1 0 1 0 1 0 0 0 0 0 0 0 0 0 0 0 0 1 0 0 1 0 1 0 1 1 0 1 0 0 0 0 1 0 1 1 0 0 0 1 1 1 0 1 1 0 1 0 0 0 1 1 1 1 0 1 1 1 0 0 0 0 1 0 1 1 1 1 1 1 1 1 1 0 1 1 1 1 1 0 1 1 0 0 0 0 0 0 1 0 1 1 1 1 0 1 1 0 0 0 0 0 1 1 1 1 0 0 0 1 0 0 0 1 1 0 0 0 0 1 1 1 0 2 0 4089.75 0
2230.89 3 4 2 1 4 3 2 4 3 3 4 1 1 3 0 0 0 0 0 0 0 0 1 0 1 1 1 1 0 0 1 0 0 1 0 0 1 1 1 1 1 1 1 0 1 0 1 0 1 1 1 1 0 1 0 0 1 0 1 0 1 0 0 0 0 1 0 1 0 0 1 1 0 0 1 1 0 1 1 1 1 0 0 1 0 1 1 1 0 0 1 0 0 0 1 1 1 1 0 1 1 1 1 1 1 1 0 1 0 1 0 1 0 0 1 0 0 1 1 1 0 0 0 0 1 1 1 1 0 0 0 1 0 1 1 1 1 1 1 0 0 1 1 1 1 1 0 0 0 0 1 0 1 1 1 0 0 1 1 0 0 0 0 0 1 0 1 1 0 1 0 3 1 3420.02 0
2664.72 4 2 1 1 2 4 2 2 1 2 2 2 3 2 0 0 1 0 0 1 1 0 1 0 1 1 1 1 1 0 0 1 1 0 0 1 1 1 1 1 1 1 1 1 0 1 0 1 1 0 1 1 1 0 1 1 0 1 1 0 1 0 1 0 0 0 0 0 1 0 1 0 1 0 1 1 0 0 1 0 1 1 0 1 0 1 0 0 0 1 0 1 0 1 1 1 1 1 1 0 1 0 1 1 1 1 1 0 1 0 0 0 1 0 0 0 1 1 1 0 0 1 1 0 0 1 0 1 1 0 0 0 1 1 0 0 1 1 1 0 1 1 1 1 0 0 0 1 1 0 0 1 0 1 0 1 0 1 1 0 0 0 0 0 0 1 0 1 0 0 1 1 1 3704.05 0
2507.75 2 4 3 4 3 3 4 3 1 2 4 3 2 2 0 0 1 1 1 1 1 1 0 1 1 1 0 1 0 0 1 0 1 0 1 0 1 0 1 0 1 0 1 1 1 1 1 0 1 1 0 0 0 0 0 1 0 0 0 1 1 0 1 0 1 1 0 1 0 1 1 0 1 0 0 1 1 1 0 0 0 1 1 0 0 0 1 1 0 1 0 1 0 0 1 0 1 0 0 1 0 0 1 1 1 0 1 0 1 0 1 0 1 0 0 1 1 0 1 0 0 1 1 0 0 1 0 0 1 1 0 1 1 1 0 0 0 0 0 0 1 1 1 0 1 1 1 1 1 1 0 1 0 0 1 1 0 0 0 0 1 1 0 0 1 1 0 1 0 1 1 2 1 3680.25 0
4065.73 2 1 3 2 2 3 3 2 4 2 3 2 2 2 0 1 1 1 0 1 0 1 1 0 0 0 1 1 0 1 1 1 0 1 0 0 0 1 1 1 0 0 0 1 1 1 1 1 1 0 0 1 0 1 1 1 1 0 0 0 1 1 0 1 0 1 1 0 1 1 0 0 0 0 0 0 0 0 0 1 1 0 1 1 0 1 1 0 1 0 0 1 1 1 1 1 1 0 0 1 0 0 0 1 0 1 0 1 0 0 0 1 1 0 1 1 0 1 0 1 1 0 0 0 0 1 1 1 0 0 0 0 1 1 0 1 0 0 1 1 1 1 1 1 1 1 1 1 0 0 1 1 0 0 1 0 1 0 0 0 1 1 0 1 1 0 1 0 1 1 0 2 1 3881.29 0
3238.76 3 1 2 1 3 3 2 1 4 3 2 2 3 3 1 1 0 0 1 1 1 1 1 0 1 0 0 0 1 1 1 1 1 0 1 1 1 0 0 0 1 1 0 0 0 1 0 0 0 0 0 1 0 1 1 0 1 1 1 1 1 0 0 1 1 0 1 1 0 0 0 0 1 1 0 0 1 0 1 1 1 0 0 0 0 0 0 1 1 1 0 0 1 1 1 1 1 1 0 1 1 0 1 0 1 1 1 0 1 1 0 0 1 0 1 0 1 0 1 1 0 1 1 0 0 1 0 1 1 0 1 1 1 1 1 0 1 0 0 1 0 1 0 0 0 1 1 1 1 1 1 0 1 0 0 1 1 1 0 1 1 1 1 1 0 0 0 1 1 1 0 3 0 2990.79 1
2507.64 2 1 2 3 2 2 3 2 1 2 3 2 2 4 1 0 1 0 0 1 0 0 1 1 1 0 1 0 1 0 1 0 0 0 1 0 1 0 0 1 0 0 0 1 0 0 0 0 0 0 0 0 1 0 1 1 0 1 0 0 0 1 1 0 0 0 0 0 1 1 1 0 1 0 0 0 1 0 1 0 1 1 0 0 0 0 1 1 1 0 0 0 1 1 1 1 0 1 0 1 1 1 1 0 1 0 0 1 0 0 0 0 0 0 1 1 1 0 0 0 0 0 0 1 1 1 0 0 0 0 1 0 0 0 1 1 1 0 1 0 1 1 0 1 1 1 0 0 0 1 0 1 0 1 1 1 0 1 0 1 1 0 1 1 0 1 1 0 1 1 1 3 1 3045.37 0
3467.04 3 1 2 3 1 1 4 2 3 2 2 3 3 3 0 0 1 0 1 1 0 1 0 0 0 1 0 0 1 1 1 1 1 1 1 0 1 1 1 1 1 0 1 1 1 1 0 0 0 0 0 0 0 1 0 1 0 0 0 0 0 1 0 1 0 1 1 0 1 1 1 0 0 1 0 1 0 1 0 1 1 1 0 0 1 1 0 0 0 0 1 0 0 0 0 1 1 0 1 0 0 1 1 1 1 0 1 1 1 1 0 1 0 1 0 1 0 0 0 0 0 1 0 1 0 0 1 1 1 1 0 1 0 1 0 0 1 1 1 1 0 1 0 0 0 0 1 1 1 1 1 0 1 0 1 1 0 0 1 1 1 0 0 0 0 1 0 1 1 0 1 2 1 4007.87 0
2694.68 2 2 2 2 1 1 2 2 1 2 3 2 1 4 0 1 0 1 0 1 0 1 0 0 1 0 0 1 0 1 0 1 0 1 1 0 0 0 1 0 0 1 1 0 0 0 0 0 1 1 1 0 1 0 1 0 1 1 1 1 0 1 0 1 1 1 1 0 0 0 0 0 1 0 0 1 1 1 1 0 1 0 0 1 0 0 1 1 0 1 0 1 1 1 0 0 0 1 1 0 0 1 0 0 1 1 0 0 0 1 0 1 1 1 1 1 1 1 1 1 1 1 1 0 1 0 1 1 0 1 0 0 1 0 1 1 0 0 0 1 1 1 1 0 0 1 1 1 0 1 1 0 0 1 0 0 0 0 0 0 0 0 1 1 1 1 1 0 0 1 1 1 0 3225.69 1
3990.96 3 2 4 3 3 3 4 4 2 3 2 3 1 4 0 0 1 1 1 1 1 0 0 0 1 1 1 1 1 1 1 1 0 1 1 0 1 0 0 1 1 0 0 0 1 0 0 1 1 1 1 0 0 0 1 1 0 0 1 0 1 1 1 1 0 1 0 1 0 1 1 1 0 0 0 1 0 1 0 0 0 1 0 0 0 1 0 1 1 0 0 1 0 1 0 0 0 0 1 0 1 1 0 0 1 0 0 1 0 0 0 1 1 1 1 0 1 0 0 1 0 0 1 0 1 1 1 0 1 1 0 1 0 0 1 1 0 1 0 0 1 1 0 0 0 1 0 1 0 0 1 0 1 1 1 1 0 1 1 1 1 1 1 0 0 0 1 0 1 0 0 3 0 2716.79 0
3088.46 4 2 3 1 4 3 1 2 2 2 1 3 3 3 0 0 0 1 0 0 0 0 1 1 0 1 1 1 1 1 1 1 0 1 0 1 1 1 1 1 0 1 1 1 1 0 1 0 1 0 0 0 1 1 0 0 1 0 1 1 1 0 1 1 0 0 1 1 1 0 1 0 0 1 0 0 0 0 0 0 0 0 0 1 0 1 0 1 0 1 0 1 1 1 0 1 0 1 0 0 1 0 0 0 1 0 1 0 1 1 1 0 0 0 1 0 0 1 0 0 1 1 0 0 1 0 0 1 1 0 0 1 0 1 1 0 1 1 0 0 1 0 1 0 0 0 0 1 1 0 1 1 1 1 0 0 1 1 1 1 0 0 0 1 1 1 0 1 1 0 0 2 0 3658.30 1
2215.23 4 1 3 3 1 4 1 2 3 2 2 4 3 2 0 0 1 1 1 1 1 0 0 0 1 1 0 0 1 0 0 1 0 1 0 0 1 0 1 1 1 1 0 0 1 0 0 1 1 0 0 1 0 1 0 1 1 0 0 0 0 0 0 0 1 1 0 0 1 1 1 1 0 0 0 0 1 0 0 0 0 1 1 0 0 0 1 1 1 1 1 0 1 1 1 0 0 0 0 1 1 1 0 1 1 1 1 0 0 0 0 1 0 0 0 1 1 1 0 1 0 0 1 1 0 1 0 0 0 1 0 1 1 1 0 0 0 0 1 0 0 1 1 0 0 0 0 1 0 0 0 1 0 0 0 0 1 0 1 1 1 1 1 0 1 0 0 0 1 1 0 2 1 2372.73 0
3541.18 2 2 3 2 1 3 2 1 3 1 2 1 2 4 1 1 1 1 1 0 0 0 0 0 0 1 0 0 1 1 1 0 0 1 0 0 0 0 1 0 1 1 0 0 1 0 1 0 1 0 1 0 0 0 0 1 0 0 0 1 0 0 1 0 0 1 1 0 1 1 1 0 0 0 1 0 1 0 0 0 0 0 1 1 0 1 0 0 1 0 1 1 0 1 0 0 1 0 0 1 0 1 1 1 0 0 1 1 1 0 1 0 1 0 0 0 0 0 1 1 1 0 0 0 0 1 0 0 1 0 1 1 1 1 0 0 0 1 1 0 1 0 1 0 1 0 1 0 0 1 0 0 1 0 0 0 1 1 0 1 1 1 1 0 1 0 1 1 0 0 0 1 0 4101.71 1
2416.19 2 4 3 2 2 4 2 2 2 3 3 2 3 2 1 1 1 0 1 1 0 0 0 1 0 0 0 1 1 0 0 1 0 1 0 1 1 1 0 0 1 0 0 1 0 1 0 0 0 0 0 1 1 0 0 0 1 1 0 0 1 0 1 0 1 0 1 0 0 0 1 1 0 1 1 0 0 0 0 0 1 1 1 0 1 1 0 1 0 1 0 1 0 0 1 1 1 0 0 1 1 1 0 0 0 0 0 1 1 1 0 1 1 1 1 1 1 0 1 0 1 1 1 0 1 0 1 1 0 1 0 0 0 1 0 1 1 1 0 0 1 1 0 1 1 1 0 1 1 0 1 0 0 0 1 1 0 1 1 0 1 0 1 1 0 1 0 1 1 1 1 1 0 2724.42 1
3237.95 2 4 4 3 2 3 3 4 1 3 2 3 2 2 1 1 1 0 1 0 1 1 1 0 0 0 0 1 1 1 1 1 1 0 1 1 1 0 0 0 1 0 0 0 0 0 0 0 0 1 0 0 0 0 1 0 0 1 1 0 0 0 0 0 1 0 0 1 1 1 0 1 1 0 1 1 0 0 0 1 0 0 0 1 1 0 1 1 0 1 1 0 1 0 1 1 0 1 1 1 0 1 1 1 0 0 0 1 1 0 1 1 0 1 1 0 1 0 0 1 0 1 1 0 0 0 1 1 0 0 1 1 0 0 1 1 1 1 1 1 1 0 0 1 0 1 1 0 0 1 0 0 0 0 0 0 1 0 0 1 0 1 0 1 0 0 0 0 1 0 0 2 1 2819.10 0
3474.74 2 1 4 3 2 2 1 3 1 2 2 3 3 2 1 1 0 0 1 0 0 0 1 1 1 0 0 0 1 0 1 0 0 0 0 0 1 1 0 1 1 0 0 0 1 1 0 0 1 1 0 0 0 0 0 0 1 1 0 0 0 0 1 0 0 1 0 1 1 1 1 0 1 1 0 0 1 1 1 1 0 1 1 0 0 0 1 1 1 0 0 1 1 0 0 0 0 1 0 1 1 0 0 0 0 1 0 1 1 1 1 1 0 0 1 1 0 1 1 1 1 1 0 1 1 0 1 0 0 1 1 0 1 0 1 1 0 0 0 1 0 1 1 0 1 1 1 1 1 0 1 1 0 1 0 0 0 0 0 1 0 1 0 0 1 0 0 0 1 1 1 2 1 2583.70 0
2151.79 2 2 1 3 3 2 3 1 4 2 1 3 3 3 0 0 1 1 1 1 1 1 0 0 1 0 0 1 1 0 1 0 1 1 0 1 1 0 0 0 0 1 1 1 1 0 0 0 1 0 1 0 0 1 1 0 0 0 0 1 0 1 1 0 1 0 1 0 1 1 1 1 1 1 1 1 0 0 1 0 1 1 0 1 0 0 0 1 0 1 1 0 1 0 0 1 1 1 0 0 1 1 0 0 1 0 1 0 0 1 1 0 0 1 0 0 0 1 1 1 1 0 0 1 0 1 0 1 0 1 0 1 0 0 1 1 1 0 0 1 1 1 0 1 0 0 0 1 0 1 0 1 0 0 1 1 1 0 1 1 1 0 1 1 0 1 0 0 1 1 1 2 0 2421.23 0
2163.22 4 3 2 3 3 4 3 3 2 2 3 4 3 2 0 0 1 1 1 1 1 0 1 0 0 1 0 1 1 1 1 1 0 0 0 0 0 0 0 0 0 1 1 0 1 1 0 0 1 1 0 0 1 0 1 1 1 0 0 1 0 0 0 0 0 1 1 0 0 1 1 0 1 1 1 1 1 1 0 1 0 1 0 1 0 1 1 0 1 1 1 0 1 0 1 1 1 1 1 0 0 1 1 0 1 0 0 1 1 0 0 1 1 1 0 1 0 0 0 1 1 1 0 1 1 0 0 1 0 0 1 0 1 0 0 1 1 0 1 0 1 0 0 0 1 0 1 1 0 1 0 1 0 1 0 1 1 1 1 1 1 0 1 1 1 1 1 0 1 1 0 2 1 2482.93 0
2442.23 2 3 2 3 2 2 3 1 3 4 4 3 4 4 1 0 0 0 0 0 0 1 1 1 1 1 1 0 0 1 0 0 1 1 1 0 0 1 1 0 0 0 1 0 1 1 1 0 1 1 1 0 1 1 1 1 1 0 1 0 1 0 0 0 0 1 1 1 0 0 1 1 1 1 0 1 1 1 0 1 0 1 0 0 0 1 1 0 1 0 1 0 0 1 0 0 0 0 1 0 0 0 0 1 0 0 0 1 0 1 0 0 0 1 0 1 0 1 1 1 1 1 0 0 1 1 1 0 0 0 0 1 0 1 1 0 1 0 1 1 0 0 1 1 0 1 1 0 1 1 1 1 1 1 0 0 1 0 1 0 1 1 1 1 1 1 1 0 1 1 1 1 1 2529.72 0
3023.21 3 3 2 3 3 3 1 2 1 3 3 2 2 2 0 1 1 1 0 1 0 0 0 1 1 1 0 1 0 1 0 0 1 0 1 0 1 0 0 0 1 0 0 0 1 0 1 1 0 0 1 1 1 1 0 0 0 0 1 1 0 0 0 1 0 0 0 1 1 1 1 1 1 0 1 0 0 1 0 0 1 1 0 1 1 0 1 1 0 1 1 1 1 1 0 0 1 0 1 0 1 1 1 1 1 0 1 1 0 0 1 0 1 0 1 0 1 0 0 1 1 1 0 0 0 1 1 1 1 0 1 0 1 0 1 1 1 1 1 1 1 1 0 0 0 1 1 1 1 1 1 1 1 1 0 0 1 1 0 1 1 1 0 0 0 0 1 1 1 0 1 3 1 3182.80 0
3900.27 2 1 1 2 3 2 4 1 2 2 3 2 3 4 1 1 1 1 0 0 1 0 1 0 1 0 1 0 0 1 0 0 0 1 0 0 0 0 1 0 1 1 1 0 0 0 1 1 0 1 1 1 0 1 0 1 1 0 1 1 1 1 1 0 1 0 1 0 0 0 0 1 0 0 1 0 1 1 0 1 0 0 1 1 0 0 1 0 0 1 0 0 0 0 0 1 1 0 0 0 0 1 1 0 0 0 0 1 0 1 0 0 1 1 0 0 0 1 1 0 0 1 1 1 1 1 1 0 1 1 0 0 1 0 0 0 0 1 1 1 1 0 0 1 1 1 0 1 1 0 1 1 1 1 1 0 0 1 1 0 1 1 1 1 0 0 0 1 0 1 1 3 0 3054.37 0
2725.26 3 3 2 1 3 2 2 1 4 1 1 2 4 3 0 0 0 1 0 0 1 1 0 0 0 0 0 1 1 0 0 1 1 0 0 1 0 1 1 0 0 1 0 1 0 1 0 1 1 0 0 0 0 0 1 0 0 0 0 1 0 0 1 1 1 1 0 0 1 0 0 1 1 0 0 1 0 1 1 1 1 1 1 0 0 0 0 1 0 1 1 0 1 0 1 0 0 1 0 0 0 0 0 1 1 0 0 0 0 1 1 0 1 0 1 1 1 0 1 0 1 1 0 0 0 0 0 1 0 1 1 0 1 0 0 0 0 0 1 0 0 1 0 1 1 1 1 1 0 1 0 1 1 0 1 1 1 1 0 0 0 0 1 0 0 1 1 0 1 0 1 2 1 3463.32 0
2681.99 4 4 2 3 2 2 4 3 3 2 4 2 4 2 0 0 0 1 1 0 1 0 0 0 0 0 0 0 0 0 0 1 0 1 0 1 0 1 1 0 1 1 0 0 1 1 1 0 0 1 0 1 0 0 0 1 1 0 1 1 1 0 1 1 1 0 1 0 1 0 0 1 1 0 0 0 0 0 1 0 0 1 1 1 0 1 0 0 1 0 1 0 1 1 0 0 0 0 1 0 1 1 0 0 0 1 0 0 0 1 1 0 0 1 0 1 0 0 0 0 0 0 0 0 0 0 1 0 0 0 1 1 0 0 1 1 0 1 1 0 0 1 1 1 0 0 0 0 1 0 1 0 0 0 0 0 1 0 0 1 1 0 1 1 0 0 0 0 0 1 0 1 0 2992.42 1
2732.97 1 3 3 1 2 1 3 4 2 1 1 3 4 3 1 1 1 0 1 0 1 1 1 0 0 1 1 1 1 0 1 1 1 1 1 0 1 1 0 0 1 1 1 1 0 0 0 0 0 1 0 1 1 1 1 1 1 0 0 0 0 0 1 1 1 0 1 1 0 1 1 0 1 1 1 0 0 1 0 0 0 1 1 0 0 1 0 1 1 0 1 0 1 1 0 1 1 1 0 1 0 1 1 0 1 0 0 0 0 1 0 0 1 1 0 0 0 0 1 0 0 1 1 0 0 1 0 1 0 0 0 0 0 1 1 1 0 0 0 1 1 0 0 1 0 1 1 0 0 1 1 1 1 0 1 0 0 0 1 1 1 1 0 0 1 1 0 1 1 0 1 1 1 3228.07 0
3833.03 3 3 2 3 4 3 4 2 2 2 4 3 2 3 0 0 1 0 1 1 0 1 1 1 1 1 0 1 1 0 1 1 0 1 0 1 0 1 1 1 1 0 1 0 1 0 1 1 1 0 1 0 1 1 1 0 0 1 1 0 0 1 1 1 1 0 0 0 1 0 0 1 0 0 0 0 0 0 0 0 0 0 0 0 0 0 0 1 0 0 1 1 1 0 0 1 1 0 0 1 1 0 0 1 0 1 1 0 1 1 0 0 1 0 0 1 1 0 1 0 1 1 1 0 0 1 0 0 0 1 0 0 0 0 1 0 1 0 0 1 0 0 0 1 1 1 0 1 1 0 1 0 1 1 0 0 1 1 0 1 0 1 0 0 0 0 0 1 1 0 1 1 0 4171.39 1
2364.02 1 2 1 2 3 2 1 1 1 2 2 3 3 3 1 1 0 0 0 0 0 0 1 1 0 1 0 1 1 0 0 0 0 0 1 0 0 0 0 0 0 1 1 0 0 0 1 0 1 0 1 1 0 1 0 1 0 0 0 0 1 0 0 0 1 0 0 1 0 1 1 1 1 1 1 1 0 0 0 0 1 1 0 1 1 0 0 1 1 0 0 0 1 1 0 0 0 0 1 0 0 1 0 0 1 0 1 1 1 0 0 0 0 1 1 1 0 1 0 1 1 0 0 0 1 1 0 0 1 0 0 0 1 0 0 1 0 0 1 0 0 0 1 0 1 0 0 1 0 0 0 0 1 1 0 1 0 0 1 1 1 1 1 1 0 0 1 1 1 0 1 3 0 2195.31 0
3740.21 2 2 4 2 2 3 3 2 1 1 2 2 3 3 1 0 0 0 0 1 1 0 1 1 0 1 1 0 1 1 0 0 1 0 0 1 0 0 1 1 1 1 1 1 1 0 1 0 0 0 0 1 1 0 1 0 1 1 1 0 1 1 1 1 0 1 0 1 0 0 0 0 1 0 1 0 0 1 1 1 0 1 0 0 0 0 0 0 1 0 0 1 1 1 1 0 0 1 1 0 1 0 1 1 1 1 0 1 0 0 1 0 0 1 0 0 1 0 0 0 0 1 0 0 0 0 0 0 1 1 1 1 0 1 1 0 1 0 0 1 0 1 0 0 0 0 0 0 0 1 1 1 1 0 1 0 0 0 0 1 0 0 0 0 0 1 1 0 0 1 0 2 0 3696.13 1
2599.12 3 2 4 2 2 3 1 1 3 2 3 2 1 3 0 0 0 0 1 1 1 1 0 1 0 0 1 1 0 0 0 0 0 0 1 0 0 1 1 0 0 1 0 1 0 0 1 0 0 1 1 0 0 0 0 1 0 1 0 1 0 1 1 1 1 0 0 0 1 1 1 0 1 1 1 1 1 0 0 0 0 1 0 0 1 0 1 1 1 1 0 1 1 1 0 1 0 0 0 1 1 0 1 1 1 1 1 1 0 1 0 1 1 0 1 1 0 1 1 0 0 0 1 0 0 0 1 0 1 1 1 1 1 0 1 0 0 0 0 0 1 1 0 0 1 1 1 0 1 0 1 0 1 0 1 1 0 1 0 1 0 0 0 0 1 0 1 0 1 0 1 2 1 4284.88 0
3124.95 3 2 1 1 4 3 3 3 3 2 3 2 1 2 0 0 0 1 1 0 1 1 1 0 1 1 1 1 0 1 0 1 1 1 0 0 1 0 0 1 1 0 0 1 1 0 1 0 1 0 1 0 1 1 0 1 0 1 0 1 1 1 1 0 1 1 0 1 0 0 0 0 1 1 1 0 0 1 0 0 0 1 0 0 1 1 0 1 1 1 1 1 0 0 0 1 1 1 1 0 1 1 1 1 0 0 1 1 1 1 0 0 0 1 1 0 0 0 0 0 1 0 0 1 0 0 1 1 1 1 0 0 0 0 1 1 1 0 1 1 1 1 0 1 0 1 1 1 0 0 0 1 0 1 1 0 0 1 0 0 0 0 0 0 1 1 0 1 1 0 0 3 0 2540.87 1
3438.55 4 3 3 1 2 2 4 3 1 2 1 2 3 1 0 0 1 0 0 1 1 0 0 1 1 0 1 0 0 1 0 1 1 0 0 1 0 0 0 1 1 0 1 0 1 0 0 1 1 1 1 0 1 0 0 0 1 1 0 0 0 1 1 0 1 1 1 1 0 0 0 1 1 0 0 0 0 1 0 0 1 0 1 1 0 0 0 0 0 1 0 0 1 1 1 0 0 1 1 0 1 0 1 1 0 1 1 1 1 0 1 0 0 1 0 0 1 1 0 0 1 1 0 1 1 1 0 1 1 0 0 0 0 1 1 0 0 0 0 1 0 0 0 0 1 0 0 1 1 0 0 1 0 1 1 1 0 0 0 0 0 1 1 1 0 1 1 1 0 0 0 1 0 3732.97 0
2392.66 1 2 3 4 1 3 1 2 2 1 2 2 3 2 0 0 1 1 0 0 1 1 0 1 0 1 1 0 0 0 1 1 0 1 0 0 0 1 1 1 1 1 0 0 1 1 0 0 0 1 0 1 1 0 0 1 1 0 0 0 0 1 0 0 1 0 1 0 0 0 0 0 0 0 0 0 0 1 1 0 1 1 1 1 1 1 0 1 0 0 1 0 0 0 0 1 1 1 1 1 1 1 0 1 1 0 0 1 0 0 1 0 1 1 1 1 0 0 0 1 1 1 0 0 0 1 1 1 0 1 0 1 0 0 1 1 1 1 0 1 0 1 1 0 0 0 1 1 1 1 0 1 0 1 0 1 1 1 0 0 0 1 0 1 0 0 1 1 1 0 1 2 1 2901.69 0
2309.40 2 3 2 2 2 2 2 3 3 3 1 2 4 1 1 0 0 1 0 1 0 1 1 0 1 1 0 1 1 1 0 0 0 1 1 0 0 0 1 1 1 0 1 1 0 0 1 0 1 0 0 1 0 1 0 1 0 0 1 0 1 1 1 1 1 0 1 1 0 0 1 1 0 1 1 0 0 1 1 1 0 1 1 0 1 1 1 1 0 0 1 0 1 0 1 0 1 1 0 1 1 0 1 1 1 0 1 1 1 1 0 1 1 0 0 0 0 1 0 0 1 1 1 0 1 1 1 1 0 0 0 1 1 0 0 1 0 0 1 1 1 0 0 1 1 1 0 1 1 0 0 0 0 1 1 0 1 0 1 1 0 1 0 0 0 0 1 0 0 1 1 1 0 3940.76 0
2305.39 1 4 1 2 3 2 3 4 1 4 2 4 4 4 1 1 1 1 1 0 0 0 0 0 0 0 0 0 1 0 0 1 0 1 0 1 0 0 0 0 0 1 0 1 1 1 0 0 0 0 1 1 0 0 0 1 0 1 1 0 0 0 1 1 0 1 0 0 1 0 1 1 0 1 0 0 0 0 1 0 1 0 0 1 1 1 0 0 1 0 1 1 1 0 0 0 1 0 1 1 0 1 1 0 1 0 0 1 0 0 1 0 0 1 1 1 1 1 1 1 0 0 1 0 0 1 0 0 0 1 0 0 0 1 1 0 0 1 1 0 0 0 1 1 0 0 1 0 1 0 1 0 0 0 0 1 1 0 1 1 0 1 0 1 0 1 1 0 1 0 0 2 0 3343.19 1
2435.60 3 2 4 1 3 3 2 2 2 2 4 4 2 2 0 0 1 1 0 1 0 1 0 1 1 1 1 0 1 0 0 0 1 1 1 0 1 1 1 0 1 1 1 1 1 0 1 1 0 0 1 0 1 0 0 0 1 1 0 0 0 0 0 1 0 1 0 0 1 0 0 1 0 1 1 1 1 1 1 0 0 0 1 1 1 1 1 1 0 0 1 1 0 1 1 1 1 0 0 1 0 0 1 1 0 0 0 0 0 1 0 0 0 0 1 0 1 1 0 1 0 0 0 1 1 0 1 1 0 0 1 1 1 1 1 1 0 1 1 0 1 0 1 0 0 1 0 1 0 1 1 0 0 1 1 1 0 1 1 0 0 0 0 0 1 0 0 0 0 0 0 3 1 2569.71 0
3303 2 4 4 4 1 2 1 2 2 3 3 1 2 2 0 0 1 1 0 1 1 0 0 0 1 1 0 0 1 1 1 1 0 0 1 1 0 1 1 1 0 0 1 0 1 0 0 1 1 1 1 1 1 1 1 1 1 0 0 0 0 1 1 1 1 0 1 1 1 0 1 1 1 0 0 0 0 1 0 1 0 0 1 0 1 1 1 0 1 1 0 0 0 0 0 0 1 1 1 0 0 0 1 0 1 0 1 0 0 0 0 1 1 0 0 0 0 0 0 1 1 0 1 0 0 0 0 1 1 0 1 1 0 0 0 1 1 1 0 0 0 1 1 1 0 0 0 0 1 0 1 1 0 0 0 0 1 0 1 1 1 0 1 0 1 0 1 0 0 1 1 2 1 3016.47 0
2715.43 3 3 2 3 4 3 2 3 3 2 4 2 2 2 1 1 0 0 1 0 0 0 0 1 1 1 0 0 0 0 0 1 0 0 1 0 0 0 1 1 1 0 1 0 0 0 0 0 1 1 0 1 1 1 1 1 0 0 1 0 0 0 0 0 0 0 0 0 1 1 1 1 0 1 1 0 1 0 1 0 0 0 1 1 0 1 0 1 0 0 1 1 1 1 1 1 1 0 0 1 1 0 1 1 1 1 1 0 1 1 0 1 1 0 1 0 1 0 0 0 0 0 0 1 1 1 0 1 0 1 0 0 0 1 0 1 1 0 0 1 0 1 0 0 1 1 1 0 0 1 1 1 0 0 1 1 1 1 0 0 0 1 1 0 0 1 0 1 0 1 1 2 1 2353.47 0
3700.23 2 2 3 1 3 2 3 2 3 3 3 2 3 1 1 0 1 0 1 1 0 0 0 0 0 1 1 0 1 1 0 1 0 1 1 1 1 0 1 1 1 1 1 0 0 1 0 1 1 1 1 0 0 1 0 1 1 1 1 1 1 0 0 1 0 0 1 0 0 1 0 1 1 1 1 0 1 0 1 1 0 1 0 1 1 0 0 0 0 0 1 1 1 1 0 0 0 1 0 0 0 0 1 0 0 1 1 1 1 1 0 1 1 0 0 1 0 1 0 0 0 1 1 0 0 0 0 0 0 1 0 0 1 0 1 1 0 1 0 1 1 0 1 1 0 1 0 0 0 1 0 1 0 0 0 0 0 0 1 0 1 1 1 1 0 0 1 0 1 1 1 3 0 3033.46 0
2695.62 2 3 2 3 1 1 2 2 3 1 3 1 3 4 0 0 1 0 0 0 1 0 0 0 0 1 1 0 1 0 1 0 1 0 1 0 1 0 0 0 0 0 0 1 1 0 1 1 1 0 1 0 1 0 0 1 1 1 0 0 1 1 1 0 0 1 1 1 1 0 1 1 0 0 0 1 0 1 1 1 0 1 0 0 1 0 0 1 0 1 1 0 0 1 1 0 1 0 0 1 1 0 1 1 1 0 1 0 0 1 1 1 1 0 0 0 1 1 0 0 0 1 1 0 1 1 0 1 0 0 0 0 0 1 1 1 1 1 0 0 1 0 0 1 0 0 0 0 1 1 1 1 0 1 1 1 1 0 0 0 0 1 0 0 1 0 0 0 1 1 1 3 0 3757.26 1
4004.27 4 2 2 3 3 1 4 3 2 1 3 3 2 3 0 0 1 0 1 1 0 0 0 1 1 1 0 1 1 0 0 0 1 0 1 1 1 0 1 1 0 1 1 1 1 1 1 0 0 1 1 0 0 1 1 0 0 1 1 1 0 0 0 1 1 1 1 0 0 0 1 1 0 1 1 1 1 1 1 0 0 1 1 0 1 1 0 0 1 0 0 0 1 1 0 0 0 0 1 1 0 0 1 0 0 0 1 0 1 0 1 1 1 0 1 0 0 1 1 1 0 1 0 1 0 1 0 0 1 0 1 0 0 0 0 0 0 0 1 0 0 0 1 1 1 0 0 1 1 0 1 0 1 1 1 0 0 0 1 0 0 0 1 1 0 1 1 1 1 1 1 3 1 2613.73 0
4263.52 1 4 2 3 1 3 2 3 2 3 3 3 2 2 0 1 0 0 1 0 1 1 0 1 0 1 0 1 1 0 1 0 1 0 1 0 1 1 1 0 0 0 0 1 0 1 0 0 0 0 1 0 1 0 1 0 0 0 1 1 0 0 1 1 1 1 1 0 0 0 1 1 1 0 1 1 0 1 1 1 0 0 1 1 1 1 0 0 0 0 1 0 1 1 1 1 0 1 1 0 1 1 1 0 1 1 1 1 1 0 0 1 0 1 0 0 1 0 1 1 1 1 1 1 1 1 0 0 0 1 0 0 1 0 0 1 1 0 0 1 1 0 0 0 1 0 0 0 0 1 1 1 1 1 0 1 1 1 1 0 1 0 1 1 0 1 1 0 1 0 1 2 1 2219.10 0
2618.63 1 2 3 2 3 2 4 3 4 1 3 3 2 3 1 1 1 0 1 1 0 1 1 0 0 1 1 0 1 1 1 0 1 0 0 0 0 0 1 0 0 0 1 1 0 0 1 0 0 0 1 1 1 1 1 0 0 1 1 1 1 1 0 1 1 0 1 0 0 1 1 0 0 0 1 0 1 0 1 1 0 0 0 1 0 1 0 0 1 1 0 1 1 1 1 1 0 0 1 1 1 1 0 0 1 1 0 1 1 1 0 0 0 1 0 1 1 1 1 0 1 1 1 0 1 0 1 0 0 1 0 0 0 1 0 1 0 1 0 0 1 0 0 0 1 0 0 1 1 1 1 0 0 0 1 1 1 1 0 0 0 1 0 0 0 0 1 0 0 1 1 1 0 3986.37 0
2444.50 2 3 2 2 2 2 4 3 2 1 1 4 3 2 1 0 0 1 0 0 1 1 0 1 1 0 1 1 1 1 1 1 0 1 1 0 0 1 1 0 1 1 1 0 0 1 1 1 1 0 0 1 1 0 1 1 0 1 0 1 1 0 1 0 0 0 1 0 1 1 0 1 0 1 0 0 1 0 0 0 0 1 1 0 1 0 0 1 1 0 1 0 0 0 1 1 1 0 0 0 1 1 1 1 0 0 0 0 1 0 1 1 1 0 0 1 1 1 1 1 0 0 1 1 1 0 1 1 0 0 0 0 0 0 1 0 1 0 0 1 1 1 1 0 1 1 0 0 0 1 1 0 0 1 0 1 1 1 1 1 0 1 0 0 1 1 0 1 0 1 1 3 0 3321.65 0
3011.26 3 4 3 2 1 2 3 1 3 3 3 3 1 3 0 1 1 0 1 1 0 1 0 1 0 0 0 1 0 1 0 0 1 0 0 0 1 1 1 1 1 0 1 0 0 0 1 1 1 0 1 0 0 0 0 0 1 1 1 1 1 1 0 0 1 0 1 1 0 0 1 0 1 1 0 1 0 0 0 0 0 0 1 1 0 1 1 1 1 0 1 1 1 0 0 0 1 0 0 1 1 0 0 1 1 1 0 1 1 0 0 0 1 1 0 0 0 0 1 1 0 0 0 0 1 1 1 0 0 0 1 1 0 0 1 0 0 0 0 1 0 1 0 0 0 0 0 1 0 0 0 0 1 0 1 1 0 1 1 1 0 1 0 1 1 1 1 0 0 1 0 2 1 2236.08 0
2400.90 4 2 2 3 3 2 3 2 4 2 2 2 4 2 1 0 1 1 1 1 0 1 0 0 1 0 0 0 0 0 0 1 1 1 0 0 0 1 1 1 1 0 0 1 1 1 0 0 0 1 0 0 0 1 0 0 0 0 1 0 1 0 1 0 0 0 1 0 1 1 1 1 1 1 0 1 1 1 0 1 0 1 1 1 1 1 0 1 0 1 1 0 1 0 1 1 1 1 1 1 0 0 0 1 1 0 1 0 0 0 0 0 0 1 0 1 1 1 1 0 1 0 1 1 0 0 0 0 1 1 1 0 1 1 1 1 0 0 0 0 1 0 0 1 1 0 0 0 1 1 1 1 1 0 0 0 0 0 0 1 1 1 0 1 0 0 1 1 1 0 0 1 0 3506.90 1
3295.76 3 1 3 3 4 3 2 1 3 3 2 3 2 1 1 1 1 0 0 0 1 0 0 0 1 0 1 1 0 0 0 0 0 0 1 1 1 1 0 0 0 0 1 1 1 1 1 1 0 1 1 0 0 0 0 1 1 0 1 1 0 1 1 0 0 0 1 0 0 0 0 0 0 0 0 0 0 1 1 1 1 0 1 0 1 1 1 1 0 0 0 1 1 1 1 1 0 1 1 1 0 1 0 1 1 0 0 1 0 0 0 0 0 0 0 1 1 1 1 1 0 0 0 0 1 0 0 1 1 0 1 0 0 1 0 1 1 1 0 1 1 1 1 0 1 0 1 1 1 1 1 1 1 0 1 1 0 1 1 0 1 0 0 1 0 1 1 0 0 0 0 1 1 3994.71 0
4240.50 3 2 2 2 3 2 2 4 4 3 2 2 4 4 1 0 1 0 0 0 1 1 1 0 0 0 1 1 0 0 0 0 1 1 1 0 0 0 0 0 0 1 1 0 1 1 1 1 0 1 0 1 1 1 1 1 0 0 1 1 1 1 0 1 0 0 0 1 1 1 1 0 1 1 1 0 0 1 1 1 1 1 1 1 1 1 1 1 1 0 1 0 0 0 1 1 0 1 0 0 0 1 0 0 1 1 1 1 0 0 1 1 1 1 0 1 0 0 1 0 1 1 1 0 0 0 1 1 0 0 1 1 1 1 1 1 1 1 0 0 1 1 1 0 1 0 1 1 0 0 1 0 0 0 0 1 0 0 0 1 0 1 0 0 1 1 0 1 0 1 0 1 1 4196.50 0
3174.99 3 2 2 3 4 3 1 3 2 1 3 3 3 2 1 1 1 0 0 0 1 1 0 0 0 0 1 1 1 0 1 1 1 0 1 1 0 1 1 0 1 0 0 1 1 1 0 0 0 1 1 0 1 1 0 0 1 1 0 1 0 1 0 0 1 0 0 1 1 0 1 1 0 1 1 1 0 0 1 1 1 1 1 0 0 0 0 1 1 1 1 1 1 1 1 0 0 0 1 1 0 1 0 0 0 1 0 1 1 0 1 0 1 1 0 1 1 0 1 1 1 0 0 1 1 0 1 0 0 1 1 1 0 1 1 0 1 0 0 1 1 1 0 1 1 0 0 1 1 1 0 0 0 0 1 1 1 1 0 0 0 1 0 0 1 1 0 1 1 0 1 2 0 4198.46 1
3567.34 2 3 2 3 2 4 2 2 2 3 3 4 3 4 1 0 0 1 1 1 1 1 0 0 0 0 1 0 0 1 0 1 0 1 1 1 0 1 1 0 1 1 0 1 0 0 1 1 1 0 1 1 1 1 1 1 1 1 1 0 0 1 0 0 1 1 0 1 0 0 1 0 1 0 0 1 1 0 0 1 0 1 1 1 0 0 0 1 1 0 1 1 0 0 1 1 0 0 0 0 0 0 1 1 0 1 1 0 0 1 1 0 1 0 0 0 1 1 1 1 1 0 1 1 0 1 1 0 1 1 0 0 0 1 1 1 1 0 0 1 0 1 1 0 1 1 1 1 1 1 1 0 0 1 0 0 0 1 0 1 1 0 1 0 0 0 1 0 0 1 1 3 1 3021.74 0
2836.65 2 2 2 3 3 4 1 3 3 2 2 1 2 1 0 1 1 1 1 0 1 1 1 1 0 1 1 1 0 1 1 1 1 1 0 0 1 1 1 0 0 0 0 1 1 1 1 0 1 0 1 1 0 0 1 1 0 0 1 1 1 1 1 1 0 1 1 0 0 0 1 1 1 1 0 0 1 0 1 0 0 0 1 1 0 0 0 0 1 0 1 0 0 1 1 1 1 0 1 0 1 1 0 1 0 1 0 0 0 0 0 1 0 1 1 1 0 1 1 1 0 0 0 1 0 1 0 0 1 0 0 1 1 1 1 1 0 0 0 0 1 1 0 0 0 1 1 1 0 1 1 1 0 1 1 0 1 1 1 0 0 0 0 1 0 0 1 0 1 0 1 3 0 2890.96 1
4266.38 2 2 4 1 2 2 2 4 2 2 3 2 1 3 0 1 1 1 1 0 1 1 0 0 0 1 1 0 0 0 0 1 1 0 1 0 0 0 1 0 1 1 0 1 1 0 0 1 1 1 0 1 1 0 1 1 0 1 1 0 0 1 0 0 0 0 1 1 0 0 1 1 0 1 1 1 1 1 1 0 0 1 0 1 1 0 0 1 1 1 0 0 1 0 1 0 1 1 1 0 1 1 0 0 0 1 0 1 0 1 0 0 1 1 0 0 1 0 1 1 1 1 1 0 1 1 1 0 1 1 1 1 0 1 1 1 1 1 1 0 0 0 1 0 0 0 0 0 0 1 1 0 0 0 1 0 0 0 0 0 0 0 1 0 1 1 0 0 0 1 0 3 1 2476.64 0
3095.21 2 3 2 4 4 3 2 1 4 1 3 2 3 2 0 0 1 1 0 0 0 1 0 0 0 1 1 0 0 1 1 1 0 1 1 0 0 1 1 0 1 0 0 1 1 1 1 0 0 0 1 0 1 0 0 1 1 0 0 1 0 0 1 1 1 1 0 0 0 1 1 0 0 1 1 1 1 0 0 0 0 1 1 1 0 0 0 1 0 0 0 1 1 1 1 1 0 1 0 1 0 0 0 0 1 0 1 1 0 0 0 1 1 1 0 1 1 0 1 0 1 0 1 0 0 1 1 0 1 1 1 1 1 0 1 0 1 0 1 1 0 1 1 1 0 0 1 1 1 1 1 0 1 1 0 1 0 0 1 0 0 0 0 1 1 0 1 0 0 1 0 1 0 3755.98 1
3571.55 1 3 2 4 1 4 3 1 4 2 2 1 1 3 0 1 1 1 1 0 0 0 1 0 1 0 0 0 0 1 0 0 1 1 1 0 0 0 0 0 1 1 0 0 1 0 0 1 0 1 1 0 1 1 1 1 0 0 0 0 0 0 0 0 0 0 1 1 0 0 1 1 1 0 1 1 0 1 1 1 1 0 1 1 0 0 0 1 1 0 1 0 0 1 1 0 1 1 0 1 1 0 1 1 1 1 0 1 1 1 1 0 0 1 0 0 0 0 1 1 1 1 0 0 0 0 0 1 1 1 0 1 0 1 1 1 0 0 0 0 0 0 1 1 0 1 0 0 0 1 0 0 0 0 1 1 1 0 0 1 1 0 1 0 1 0 1 0 1 1 1 2 0 3192.17 0
4197.73 1 2 2 1 3 2 4 2 4 3 2 1 1 4 0 0 1 0 0 1 0 1 0 1 0 0 1 0 0 1 0 0 1 1 1 1 0 1 1 0 1 0 0 1 1 0 1 1 0 1 0 0 0 1 1 0 0 0 1 0 1 0 1 1 1 0 0 0 0 1 1 1 1 0 1 0 0 1 0 0 0 0 1 0 0 0 1 0 1 1 1 1 0 0 0 0 1 0 1 1 0 0 1 1 0 0 0 0 0 1 0 1 0 1 1 0 1 0 1 0 1 1 1 1 1 1 1 1 1 0 1 1 0 1 0 1 1 0 1 1 0 1 0 0 0 1 0 0 0 1 0 0 1 0 1 1 1 0 1 0 1 0 0 1 1 1 0 1 0 0 0 1 1 3105.97 0
3179.66 3 3 2 3 3 3 2 4 3 2 3 3 2 2 1 0 0 1 0 0 0 0 1 1 0 1 1 1 0 1 1 0 0 1 1 0 1 0 1 1 1 0 1 1 1 1 0 1 1 1 1 0 0 0 0 0 1 0 1 1 1 0 1 0 1 0 0 0 1 1 0 1 1 0 1 1 0 1 0 0 1 0 0 1 0 0 1 1 1 0 0 1 1 1 1 1 0 0 1 0 1 0 0 1 0 1 0 1 1 1 0 0 0 0 0 0 1 1 0 0 0 1 0 0 0 1 0 0 1 1 0 1 1 0 0 0 0 0 0 1 1 1 0 1 1 0 0 0 1 1 1 0 1 0 0 0 0 0 1 0 1 1 1 1 1 0 0 0 1 0 1 1 0 2628.99 0
3853.17 2 3 4 2 1 2 2 3 3 2 2 2 3 3 1 0 1 1 1 0 1 1 0 1 1 0 0 1 1 1 1 0 0 0 0 0 1 1 1 1 0 0 1 0 0 1 0 0 1 1 0 0 1 1 0 0 0 1 1 0 1 1 0 1 1 0 1 1 0 0 0 0 1 1 0 1 0 1 0 1 0 1 0 0 0 1 1 0 1 1 1 1 0 0 1 1 0 0 0 0 0 0 1 0 0 1 1 0 1 1 0 1 0 1 0 0 0 1 0 1 0 0 0 0 0 1 1 0 0 1 1 0 1 0 1 1 1 0 1 0 0 0 1 1 0 0 1 1 1 1 1 1 0 1 1 0 1 1 1 0 0 1 1 0 0 0 1 1 1 1 1 3 0 3641.98 0
3624.01 3 3 1 2 3 3 2 4 4 3 4 4 1 3 0 0 0 1 1 1 1 1 0 0 0 1 1 0 0 0 1 1 0 0 0 0 1 1 1 1 1 1 0 0 0 1 0 1 1 1 1 1 0 0 1 0 1 0 0 0 1 1 0 1 0 0 1 1 0 0 1 0 1 0 0 1 0 0 0 0 1 0 1 0 0 1 1 1 0 1 0 0 0 0 0 0 0 0 1 1 0 1 0 1 0 1 0 1 1 0 0 1 0 0 0 0 1 1 0 0 1 0 1 0 1 1 0 0 0 0 1 1 1 1 1 0 1 1 0 0 1 1 1 0 0 0 0 0 1 0 1 1 0 0 0 0 0 0 0 1 0 1 0 0 0 0 1 0 0 1 1 2 0 3709.44 0
3374.46 3 3 2 1 3 2 4 4 2 3 3 2 2 3 1 1 1 1 1 1 0 0 1 1 1 1 1 0 1 1 1 1 0 1 1 0 1 0 0 0 0 1 0 0 1 1 0 0 0 0 1 0 0 0 1 0 1 1 0 1 1 0 1 1 1 0 1 0 0 1 0 0 0 0 0 0 1 1 0 1 0 1 0 1 1 1 0 0 0 1 1 0 0 0 1 1 0 1 1 1 1 0 0 0 0 0 0 0 0 0 1 0 0 1 0 1 1 0 0 1 1 0 0 1 0 1 0 0 1 0 0 1 1 1 0 1 0 1 1 1 0 1 1 1 0 1 0 1 1 0 1 1 0 0 1 1 1 0 0 0 0 0 0 0 0 0 1 1 0 1 0 3 0 2916.08 0
3160.34 2 2 3 3 3 3 2 2 3 2 3 3 4 4 0 1 0 0 1 0 1 0 0 1 0 0 1 1 1 0 1 0 0 1 0 1 1 1 0 0 1 1 0 1 0 0 0 1 1 0 0 0 1 1 1 1 1 0 1 0 1 1 0 1 1 0 0 0 0 1 0 1 0 0 1 0 1 0 0 0 1 0 0 1 0 0 1 0 0 1 1 0 1 0 1 0 1 1 0 0 0 0 0 1 0 1 1 1 1 1 1 0 0 0 0 0 0 0 0 1 0 0 1 0 1 0 1 1 0 1 0 1 0 1 0 0 1 1 1 0 1 0 0 1 1 0 1 0 1 1 0 1 1 0 1 0 1 1 1 1 1 1 0 1 0 1 1 0 1 0 1 2 0 3108.87 0
2435.01 3 2 1 2 4 2 4 2 4 4 3 1 3 2 1 0 1 1 0 1 0 1 0 1 0 1 1 0 0 0 0 0 1 1 1 1 1 1 0 1 0 0 1 1 0 0 0 1 1 1 0 0 0 0 1 1 1 0 0 0 1 1 1 0 1 0 1 1 0 1 1 0 1 0 0 0 1 1 1 1 1 1 0 0 0 0 1 0 0 0 0 1 1 0 1 1 1 0 1 1 0 0 1 0 1 1 0 0 1 1 1 1 1 0 0 0 1 1 1 0 1 0 1 0 0 1 1 1 0 1 0 0 1 1 0 0 0 1 0 1 1 0 1 0 0 1 1 1 1 1 1 0 0 0 0 1 1 1 1 1 1 0 0 0 0 0 0 0 1 1 1 2 1 3893.12 0
3566.42 2 3 4 3 3 2 2 3 2 3 1 3 1 2 0 1 1 0 0 1 0 1 1 0 1 1 1 0 0 0 1 1 1 0 0 1 1 0 1 1 0 1 0 1 1 1 1 0 1 0 1 0 1 1 1 0 1 0 0 1 1 0 0 1 0 0 1 0 0 1 1 1 1 1 0 1 0 0 0 1 0 0 1 0 1 1 0 1 0 1 1 1 1 1 1 0 0 0 0 0 1 0 0 0 0 0 0 1 1 0 1 0 0 0 0 0 1 1 1 1 1 1 0 0 1 0 1 1 1 1 1 0 0 1 0 1 1 1 0 1 1 1 0 0 0 0 1 1 0 1 0 0 0 1 0 0 0 1 1 1 0 1 0 0 1 0 0 1 0 1 0 1 1 3574.39 0
2215.56 4 3 1 4 3 3 4 3 3 2 2 2 3 2 0 1 0 0 1 0 1 0 1 1 0 0 1 1 1 1 1 0 1 1 1 0 0 1 1 0 1 1 1 0 0 0 1 0 1 0 1 0 0 0 1 0 0 0 1 0 1 0 0 0 0 1 1 0 1 1 0 1 1 0 1 1 0 1 1 0 1 0 0 0 0 0 1 1 0 0 0 0 1 1 1 1 1 1 1 0 0 0 1 1 1 1 1 0 0 1 1 1 1 1 0 1 1 1 1 0 0 0 0 1 0 1 0 0 1 0 0 0 0 0 0 1 1 0 1 0 1 0 0 0 0 1 0 1 1 1 0 1 0 0 0 1 1 1 1 0 1 1 0 1 0 0 0 1 1 0 1 3 1 2733.51 0
2427.35 4 3 4 1 1 3 3 1 2 2 1 1 2 4 0 1 0 1 0 0 1 0 0 0 0 0 0 1 0 1 0 1 0 0 0 1 1 1 0 0 0 0 1 0 0 1 0 0 0 0 1 1 0 1 0 1 0 0 0 1 0 0 1 1 0 1 0 1 0 0 1 1 0 1 1 1 0 0 0 0 0 0 0 1 0 0 1 1 1 1 1 0 1 1 1 1 1 1 1 1 1 0 1 0 1 1 0 0 1 0 0 0 1 0 0 0 1 0 0 0 1 1 1 0 0 0 1 1 1 0 1 0 1 1 0 1 1 1 1 0 0 0 0 1 1 0 0 0 0 1 1 1 1 0 0 0 1 0 0 0 0 1 1 1 1 0 0 0 0 1 0 3 0 2887.73 0
3395.71 2 3 2 3 2 3 2 3 1 3 3 2 3 2 1 0 1 0 1 1 0 0 0 1 1 1 0 1 1 0 0 0 1 1 1 1 0 0 0 1 1 0 1 0 0 0 1 0 0 1 1 1 1 0 0 1 1 1 0 0 1 0 1 1 0 1 1 1 0 1 0 1 0 0 0 1 0 0 0 1 1 1 0 0 1 0 0 0 1 0 1 1 1 0 0 0 1 0 0 0 0 1 1 0 1 1 1 0 0 0 0 1 0 1 1 1 0 0 0 1 0 1 1 1 1 0 0 0 0 0 1 1 0 0 1 0 0 0 0 0 0 0 1 0 0 1 0 1 1 1 0 1 1 1 1 1 0 0 0 0 0 1 1 1 1 1 1 1 0 1 0 2 0 2894.74 1
3094.13 1 3 4 1 2 3 4 1 3 1 3 1 1 2 0 1 1 0 1 0 0 0 0 0 0 0 0 1 0 1 0 0 1 0 0 0 1 1 1 0 1 0 1 1 0 1 1 1 1 1 0 1 0 0 1 1 1 1 1 1 0 1 1 1 0 0 0 0 0 1 0 0 1 1 1 0 0 0 1 0 1 1 1 0 1 1 0 0 1 1 0 1 1 1 0 0 0 1 1 0 1 0 0 1 0 1 1 1 0 0 0 0 1 0 0 0 0 1 0 0 0 1 0 1 1 1 1 1 1 1 0 0 1 1 0 1 0 1 1 1 0 0 0 1 0 0 0 1 0 0 1 0 0 1 0 1 1 0 1 1 0 1 1 1 1 1 0 1 1 0 0 2 0 2260.15 0
3669.14 3 2 3 2 1 1 2 4 2 2 1 1 2 1 0 1 1 1 1 1 1 1 0 1 1 0 0 1 1 1 1 0 0 0 0 1 1 0 0 0 1 1 0 0 1 1 1 0 0 1 1 1 1 0 0 0 1 1 1 1 1 1 0 0 0 1 0 0 1 1 0 0 0 0 0 0 1 1 0 1 1 1 0 0 0 1 1 1 1 0 0 1 1 0 1 1 0 0 1 1 1 1 0 0 1 1 0 0 1 1 0 0 0 1 1 1 1 1 0 0 0 0 0 1 1 0 1 0 0 1 0 1 1 1 0 0 0 1 0 0 0 1 0 1 0 0 0 1 0 1 1 0 1 1 0 1 0 1 0 0 0 0 0 1 0 0 1 0 0 1 0 2 0 3445.47 0
2832.12 4 3 4 2 3 3 2 3 2 3 2 2 1 4 0 0 0 1 0 0 1 1 1 0 0 0 1 1 1 0 1 0 1 0 1 0 1 0 0 0 0 1 0 1 0 0 0 0 0 0 1 1 1 0 0 0 0 0 1 1 1 1 0 1 1 1 1 1 0 0 1 0 0 1 1 0 1 1 1 0 1 1 1 0 0 0 0 0 1 1 0 0 1 0 1 1 1 0 0 1 1 1 0 1 0 1 1 0 1 1 0 1 0 1 1 1 0 0 0 1 1 1 0 1 1 0 0 1 1 1 0 0 0 0 0 0 1 0 0 0 0 0 1 1 1 0 1 0 0 0 1 0 0 1 0 0 0 0 1 0 1 1 1 0 1 1 1 0 0 0 0 3 1 3038.62 0
4281.35 2 4 3 3 3 2 2 4 2 2 3 4 3 3 1 0 1 1 0 1 0 1 0 0 1 1 1 0 0 1 1 0 1 1 1 1 1 0 1 0 1 0 1 1 1 1 0 1 0 0 0 1 1 1 1 1 0 1 1 0 0 1 1 0 0 1 1 0 0 1 0 1 0 0 0 0 0 0 0 1 1 0 1 0 0 1 0 1 1 0 0 0 0 1 0 1 0 1 1 1 0 0 0 0 0 1 0 1 0 0 1 0 1 1 1 0 1 1 1 1 0 0 1 1 1 1 1 0 1 0 1 0 1 1 1 0 0 0 1 1 0 0 1 1 1 1 0 1 0 1 0 0 0 0 1 0 0 1 1 1 0 1 1 1 0 0 0 0 1 1 1 2 1 2349.81 0
3008.16 3 3 1 3 4 3 3 2 3 1 3 1 1 4 0 0 0 1 0 1 1 0 1 1 1 1 0 1 1 0 0 1 0 0 0 1 1 1 1 1 1 1 0 1 1 0 0 1 0 1 0 0 1 1 0 1 1 0 1 0 1 1 0 1 0 1 1 1 1 0 1 0 1 1 1 1 0 0 1 1 0 1 0 1 1 0 0 0 1 0 0 0 1 0 1 0 1 0 0 0 1 1 0 1 1 0 1 0 1 1 0 0 0 1 0 1 0 0 0 1 0 0 1 1 0 0 1 1 0 1 0 1 1 1 1 1 1 1 0 0 1 0 1 1 1 1 1 1 1 0 1 0 0 0 0 1 0 1 1 1 1 0 1 1 0 0 0 1 1 0 1 1 1 2668.20 0
3234.68 2 4 2 4 2 1 2 2 4 3 3 3 2 1 0 0 0 1 1 0 0 0 0 0 1 1 1 0 0 1 0 0 0 1 0 1 1 1 0 0 1 0 0 1 1 1 0 0 1 0 0 0 0 1 1 1 1 1 1 1 0 1 0 0 0 1 0 1 0 0 0 1 1 0 1 1 0 1 0 1 1 1 0 0 1 0 0 0 0 0 0 0 0 1 0 0 0 0 0 0 0 1 0 0 0 0 0 1 1 1 0 0 1 0 0 1 1 0 1 1 1 1 1 1 0 1 1 0 1 1 0 1 1 1 0 1 0 0 1 0 1 0 0 1 1 0 0 1 0 1 0 1 0 1 1 1 0 1 0 0 0 0 0 0 1 1 0 0 0 1 1 1 1 3600.98 0
2852.68 2 3 1 3 4 3 2 4 3 3 1 3 1 2 0 1 1 1 0 1 1 0 1 1 0 1 0 1 1 0 1 1 0 1 0 0 0 0 0 1 0 1 1 1 1 1 1 1 1 0 0 0 0 0 1 1 0 1 0 1 0 0 1 0 0 1 1 1 0 1 0 1 1 0 0 1 0 0 0 1 0 1 0 0 0 0 0 1 0 0 1 0 1 0 0 1 0 1 0 1 0 1 0 1 0 1 0 0 0 0 1 0 1 1 0 0 0 1 0 1 1 0 0 0 0 1 0 0 0 1 0 0 0 0 0 1 1 0 0 1 1 1 0 0 1 0 0 0 1 0 1 0 1 0 0 0 1 0 0 0 0 0 1 0 0 1 1 1 1 1 0 1 1 2983.14 0
3863.59 1 2 3 2 4 3 1 2 2 3 3 2 3 4 0 1 0 1 0 0 1 1 0 1 0 0 1 0 1 0 0 0 1 0 1 1 0 1 1 1 1 0 0 0 1 1 1 1 1 1 1 1 1 0 1 1 1 1 0 1 0 0 0 1 1 0 1 1 0 0 1 1 0 0 1 1 0 1 1 1 1 0 1 1 0 0 1 1 0 0 0 1 0 0 0 0 0 1 1 0 1 1 0 1 0 1 0 0 0 0 0 0 1 1 0 0 1 0 1 1 1 0 1 1 0 0 1 1 0 1 0 0 1 0 1 1 1 1 1 1 0 1 1 1 0 0 0 0 0 1 0 0 0 1 0 1 0 1 0 0 1 1 0 0 0 1 1 0 1 1 0 2 0 3538.10 0
3539.69 3 3 1 2 4 3 3 3 2 4 2 1 2 4 1 0 0 0 1 1 1 0 0 1 0 1 1 0 0 0 0 0 1 1 1 1 1 1 0 1 0 0 0 0 0 1 0 1 1 0 0 1 0 0 0 0 0 1 1 0 0 1 1 1 1 0 0 1 1 1 0 1 0 0 0 0 1 1 0 0 1 0 0 1 1 0 0 1 1 0 1 0 0 0 1 0 0 0 1 1 1 1 1 1 0 1 0 0 0 0 1 0 1 0 0 0 1 0 1 0 0 1 0 1 1 0 0 1 0 1 0 0 1 0 0 1 1 0 0 0 1 0 1 0 1 1 0 1 0 1 1 0 1 1 0 0 0 0 1 0 1 0 0 1 0 0 0 1 0 0 1 2 1 4191.38 0
4225.25 2 2 4 4 1 1 3 2 1 1 2 4 2 1 0 1 0 0 1 1 1 1 0 1 0 0 1 1 0 0 0 1 0 1 1 0 1 1 0 0 1 1 0 0 0 0 0 1 1 1 1 1 1 1 1 0 0 0 0 1 0 0 1 0 0 0 0 1 1 0 1 0 1 1 0 0 1 1 1 1 0 0 1 1 0 1 1 0 1 1 0 1 0 1 0 1 0 0 1 1 0 0 0 1 1 1 1 0 0 1 1 1 0 0 0 1 0 0 0 1 1 0 1 1 0 0 0 0 1 1 0 1 0 0 0 0 0 1 0 1 1 0 1 0 0 0 0 1 1 1 1 1 0 0 0 0 1 0 0 1 0 0 0 0 1 0 1 1 1 0 0 3 0 2208.44 0
2262.23 2 3 2 1 2 4 3 2 3 2 2 2 2 4 0 1 0 0 1 0 1 0 0 0 0 0 1 1 0 1 1 1 0 1 1 1 0 0 0 0 1 1 1 0 1 1 0 1 0 1 0 1 0 0 0 1 1 1 0 1 0 0 0 0 0 0 0 0 0 0 1 0 0 1 0 0 1 0 0 1 1 1 1 1 1 0 1 1 1 0 1 0 1 0 1 0 0 0 1 1 0 1 0 0 1 1 1 1 0 0 1 0 0 0 1 0 1 0 0 1 0 0 1 0 1 0 1 1 0 1 1 0 0 1 0 1 1 0 0 1 1 0 0 0 1 1 0 0 1 0 0 1 0 0 0 0 1 1 0 0 1 1 0 0 1 1 1 0 0 1 0 2 1 2558.60 0
2608.16 2 3 3 2 2 4 1 3 3 2 4 1 3 2 1 1 1 0 0 1 0 0 0 0 0 0 1 0 0 0 0 0 1 0 1 1 1 0 0 0 1 1 1 0 0 1 1 0 0 0 0 0 1 0 0 0 1 0 1 0 0 0 1 0 1 1 0 0 0 0 0 1 1 1 0 0 1 0 1 0 0 1 0 0 0 1 1 0 0 0 0 0 0 1 0 0 1 1 0 1 0 1 1 1 0 0 1 1 1 0 0 1 1 1 1 1 1 1 0 1 1 0 0 0 1 1 1 1 0 1 0 1 1 0 1 1 1 0 1 0 1 1 0 1 1 0 0 1 1 1 0 1 1 0 1 1 1 0 1 0 0 1 1 1 1 0 0 0 1 1 1 2 0 3531.26 1
2903.69 2 4 2 2 1 2 1 2 2 4 4 2 3 2 1 1 0 0 0 1 0 0 1 1 1 1 1 1 0 0 1 1 1 0 0 0 0 1 1 0 0 0 0 0 1 0 0 0 1 0 0 0 1 0 0 1 0 0 0 0 0 1 1 1 1 0 0 0 1 0 0 0 0 1 0 1 0 1 0 0 1 1 0 0 0 0 0 0 1 0 0 0 1 0 1 1 0 1 0 0 1 0 1 1 1 0 0 0 0 0 0 0 0 0 1 1 0 0 1 1 0 1 1 0 0 1 1 1 1 1 0 0 1 0 1 0 1 1 0 0 1 0 1 0 1 0 0 0 0 0 0 1 0 1 0 1 0 0 0 0 0 1 1 0 0 0 1 1 0 0 0 2 0 3349.42 0
3146.45 3 2 3 4 3 1 2 3 2 3 2 2 2 2 0 1 0 0 1 0 1 1 0 1 1 1 1 0 1 1 1 1 0 1 1 0 1 1 1 0 0 1 0 1 1 1 0 1 1 1 1 0 1 0 0 0 1 1 0 1 0 0 0 0 0 1 1 0 0 0 0 1 0 1 0 0 0 0 0 0 1 0 0 1 0 0 1 0 0 0 1 1 0 1 0 0 1 0 1 0 0 1 0 1 0 0 1 1 1 1 0 1 1 1 0 1 1 1 1 0 1 0 0 0 1 1 0 0 1 0 1 0 0 0 1 0 1 0 0 0 0 1 0 1 1 1 0 0 1 0 1 1 0 1 1 1 0 0 1 1 0 1 1 1 0 1 1 1 0 0 1 2 1 3220.91 0
2994.42 1 2 4 2 1 2 3 3 2 3 1 3 1 3 0 1 1 1 1 0 0 1 1 1 1 0 1 0 1 1 0 0 1 0 1 0 1 1 1 0 0 0 0 0 0 0 1 0 1 1 1 1 1 1 1 1 0 1 1 0 0 1 1 0 0 0 0 1 1 1 0 0 0 1 1 1 0 0 1 1 1 0 1 0 0 0 0 1 0 0 1 1 0 0 0 0 1 1 0 0 1 0 0 1 1 0 1 1 1 1 1 0 0 1 1 1 0 0 1 0 1 1 0 1 1 1 1 0 1 0 0 0 0 0 1 0 1 0 1 1 0 1 0 0 1 1 0 0 0 0 0 0 0 0 0 0 0 1 1 1 1 0 1 1 0 1 1 1 1 0 1 3 0 4259.81 0
3220.82 4 3 2 2 1 3 3 4 2 4 2 4 3 3 1 0 0 1 1 1 0 1 1 0 1 1 0 0 1 0 1 0 0 1 0 1 0 0 0 0 1 0 0 0 1 0 0 1 0 0 0 1 0 0 1 0 0 0 1 1 0 0 1 0 1 1 0 0 0 1 0 0 0 1 0 0 1 1 0 0 1 0 1 1 0 1 1 0 1 0 1 1 1 0 1 0 0 0 0 1 1 1 1 1 1 1 0 0 1 0 1 1 0 0 0 0 0 1 1 1 1 0 0 0 0 0 0 1 0 0 0 0 1 0 0 0 1 1 0 1 1 0 1 0 0 0 1 0 0 0 0 0 0 1 0 0 0 1 1 0 1 1 0 1 1 0 0 0 1 0 1 3 1 3717.71 0
2977 3 2 3 2 4 1 2 2 2 4 1 3 3 2 1 1 1 1 0 0 0 0 0 1 1 1 1 1 0 1 0 0 1 0 1 1 0 0 1 0 0 0 0 0 1 0 0 1 1 0 1 1 1 0 0 1 0 1 1 0 1 0 0 0 1 1 1 0 1 0 0 1 0 1 1 0 1 0 0 0 1 1 1 0 0 1 1 0 1 1 0 1 1 0 1 1 0 1 1 0 0 0 0 0 1 1 1 1 1 0 1 1 0 1 0 1 0 0 1 1 0 0 1 0 1 1 1 1 1 1 0 1 1 1 1 0 0 1 1 1 1 1 0 0 0 1 1 0 0 0 0 1 0 1 1 1 1 0 1 0 1 0 1 0 0 0 0 1 1 1 1 2 1 2327.86 0
3141.42 1 2 3 1 2 3 4 4 2 3 2 4 3 3 0 0 0 0 0 0 1 0 1 1 1 0 0 1 1 1 0 0 1 1 1 1 0 0 1 0 1 0 1 1 0 1 1 1 0 0 1 1 0 0 1 1 1 0 1 1 1 0 1 1 1 0 0 1 0 0 1 1 1 1 1 1 1 1 1 0 1 0 0 0 0 0 0 0 0 0 1 1 1 0 1 1 1 0 0 1 1 0 0 0 0 1 0 1 0 0 0 1 1 1 0 1 1 1 1 0 0 0 0 1 1 1 0 1 1 0 0 0 1 0 0 1 1 0 0 1 1 1 1 0 1 1 0 1 1 1 1 1 1 1 0 0 0 1 0 0 0 1 1 0 0 1 0 1 1 1 1 2 1 3375.72 0
2684.12 3 2 3 1 3 2 1 4 2 2 2 2 3 3 1 1 0 1 0 0 1 0 0 0 1 1 0 1 0 0 1 1 1 1 1 0 1 1 0 0 0 1 0 1 1 1 1 1 0 1 0 1 1 1 1 0 1 1 0 1 1 1 0 1 0 0 0 1 1 0 1 1 0 0 1 1 1 1 0 1 1 0 0 0 0 1 0 0 1 1 1 1 0 0 0 1 1 1 0 1 1 0 0 0 1 0 1 1 0 0 0 0 0 0 1 0 1 1 1 1 1 1 0 1 1 0 1 0 0 1 0 0 1 1 1 1 1 0 1 0 1 0 1 0 0 1 0 0 0 0 0 0 1 0 0 0 1 0 1 0 1 0 0 1 1 1 1 0 1 0 1 3 0 3654.02 0
2695.22 4 3 3 2 3 2 4 4 1 2 1 3 3 1 0 0 1 0 1 1 0 1 1 0 1 0 0 1 1 1 1 0 0 1 0 0 0 1 0 0 0 0 1 0 1 0 0 0 0 0 0 0 0 1 1 1 1 0 1 1 1 1 1 0 0 0 0 0 1 1 0 1 1 1 0 1 0 1 0 0 1 1 1 1 0 1 0 0 1 1 1 1 1 0 1 1 0 0 0 0 0 0 1 0 1 0 1 0 0 1 1 1 1 1 1 0 0 0 1 0 1 1 0 0 0 1 0 0 0 0 1 1 1 1 0 1 0 1 0 1 1 0 0 0 1 0 0 1 0 1 0 1 0 1 0 0 1 1 0 0 1 0 1 1 1 0 0 0 0 1 0 2 0 4231.38 1
2910.32 3 3 2 1 2 1 3 2 2 2 4 3 2 4 0 1 1 0 0 0 0 1 0 1 1 1 0 1 0 1 0 0 0 0 1 1 1 1 1 0 0 1 1 1 0 1 1 0 0 0 1 1 0 0 0 0 0 0 1 0 1 1 1 0 1 1 1 0 1 1 0 0 0 0 1 1 1 1 1 0 1 0 1 1 1 0 0 1 0 0 0 0 1 0 1 0 0 0 0 0 0 0 1 0 1 0 1 1 1 0 1 0 0 0 0 0 1 1 0 1 1 0 1 0 1 0 1 1 0 0 0 0 1 0 1 1 1 1 0 0 1 1 1 1 1 1 1 1 1 1 0 1 0 1 1 1 1 0 1 1 1 0 0 0 1 0 0 1 0 1 1 2 1 2773.21 0
3919.56 3 3 3 3 2 2 4 2 4 1 4 4 1 1 0 1 0 0 1 0 1 1 0 1 1 1 1 1 1 1 0 1 1 0 0 1 1 0 0 0 1 1 1 1 0 1 0 1 1 0 1 1 1 1 1 1 1 0 0 1 0 1 1 0 1 0 1 1 1 1 0 0 1 0 0 0 1 1 1 1 0 1 0 1 0 1 0 0 0 0 1 1 1 1 1 1 1 0 1 1 1 0 0 0 0 1 0 0 0 0 0 0 1 0 1 1 0 1 0 1 1 1 0 0 0 0 1 1 0 0 0 0 0 0 0 0 0 0 1 1 1 1 1 0 0 0 1 0 1 1 0 0 1 0 0 1 1 0 0 0 0 0 1 0 1 1 1 0 0 1 1 3 0 3687.58 0
4115.16 3 2 1 3 2 1 3 4 4 3 1 4 2 3 1 1 1 1 1 0 0 1 1 1 0 1 1 0 0 1 0 1 1 1 1 0 1 0 1 1 0 0 0 0 1 0 1 1 0 0 0 1 1 0 1 0 0 1 1 0 1 1 0 0 1 0 1 0 1 0 1 0 0 1 0 1 1 0 0 1 1 0 1 1 1 0 0 1 1 0 1 1 0 1 1 0 0 0 0 1 1 0 1 0 1 0 1 0 1 1 1 0 0 1 1 0 1 0 1 1 0 0 0 0 0 0 1 0 1 0 0 1 1 1 1 0 0 1 0 0 0 1 0 1 0 0 1 0 0 1 0 1 1 1 1 0 0 0 1 0 1 1 1 1 0 0 0 0 0 1 1 3 0 2454.31 1
4243.62 2 4 3 3 4 3 2 2 1 2 3 3 1 3 1 0 1 0 1 1 0 0 0 0 1 0 0 0 1 0 0 0 0 1 1 0 1 0 0 0 0 1 1 1 0 0 0 0 0 1 1 0 0 0 1 1 1 0 0 1 0 1 0 1 0 1 0 1 1 1 1 0 1 1 1 0 0 1 0 0 0 0 0 1 1 0 1 1 1 0 0 0 1 0 1 1 0 1 0 0 0 0 0 0 1 0 1 0 1 1 0 0 1 0 1 0 0 1 0 0 0 1 0 0 1 1 1 0 0 1 1 0 0 1 1 1 1 0 1 0 0 1 0 1 0 0 1 1 1 0 1 0 1 1 1 0 1 1 1 1 1 0 1 1 0 1 0 1 1 1 0 1 1 3686.12 0
4288.23 2 1 1 2 3 4 3 2 1 3 4 2 3 4 1 0 0 1 1 1 0 0 0 1 1 1 1 0 0 0 0 0 1 0 1 1 0 1 0 1 0 1 0 1 1 1 0 1 1 1 0 0 0 0 0 0 1 0 1 1 1 1 0 1 1 0 1 1 1 1 1 1 1 0 1 0 1 0 1 1 1 1 1 1 1 1 1 0 1 1 1 0 0 0 1 0 1 0 0 0 1 1 0 1 0 1 0 1 0 0 0 1 1 0 1 0 0 1 0 1 1 0 1 1 0 1 1 1 0 1 1 1 0 1 1 1 1 1 1 1 0 0 1 1 1 0 0 0 0 1 1 1 0 0 0 1 0 0 1 1 1 0 0 1 0 1 0 1 0 0 0 3 1 3710.64 0
2854.81 1 1 2 4 1 2 4 2 1 4 1 4 1 2 1 1 0 1 0 0 1 0 1 1 0 0 0 1 0 0 0 0 0 1 1 1 1 1 0 1 0 1 0 0 0 0 1 0 0 1 1 1 1 0 1 1 1 0 1 0 0 0 1 1 1 0 0 1 1 0 1 1 0 1 0 0 1 0 0 0 1 0 0 1 1 0 0 1 1 1 0 1 1 0 0 1 0 0 1 0 0 1 0 0 1 1 1 0 0 1 0 0 0 0 0 0 1 1 0 1 1 1 1 0 1 0 0 1 0 1 0 0 1 1 1 1 1 1 1 0 0 1 0 0 1 0 1 1 0 0 1 1 0 1 1 0 0 0 1 1 1 1 0 1 1 1 0 0 1 1 0 2 0 3391.01 0
3880.61 1 3 2 4 2 4 3 3 2 2 2 4 2 4 1 0 1 0 0 0 1 0 0 0 1 1 0 1 0 0 1 1 0 1 0 1 1 1 1 0 0 1 1 1 0 1 0 1 0 1 1 0 1 1 0 1 1 0 1 0 0 1 1 0 1 1 1 0 0 1 0 0 1 1 1 0 0 0 0 1 0 1 0 1 0 1 1 1 0 0 0 0 0 0 0 1 1 0 1 0 0 0 0 1 0 0 0 1 1 0 1 0 1 1 1 1 0 1 1 1 0 1 0 1 0 1 1 1 0 0 0 1 0 0 0 1 0 1 1 0 1 0 1 1 1 0 0 1 1 1 0 1 0 1 0 1 1 1 1 1 1 0 1 1 1 1 1 0 0 1 1 2 0 4047.74 1
4041.26 4 3 3 2 4 2 3 1 1 2 2 4 2 1 0 0 1 1 0 1 0 1 1 0 1 0 1 1 1 1 0 1 0 0 0 1 0 1 0 0 0 1 0 0 1 1 0 1 0 1 1 0 0 0 1 0 0 0 1 0 1 1 0 1 1 1 0 0 1 0 0 1 0 1 1 1 0 0 1 0 1 0 0 0 1 1 1 1 1 1 1 0 1 1 1 0 0 1 0 0 0 1 0 0 0 1 1 0 0 0 0 1 1 0 1 0 0 0 0 0 0 1 1 0 0 1 0 1 0 0 1 0 1 1 1 0 1 1 0 0 1 0 1 0 1 0 0 0 1 0 1 1 0 1 1 1 0 1 1 1 1 1 1 1 1 1 0 0 1 1 0 2 1 4207.18 0
3484.33 3 2 1 3 2 3 3 4 3 2 4 3 1 1 1 1 1 1 1 1 0 1 1 1 1 0 0 0 1 0 0 0 1 0 0 0 1 0 1 1 0 0 0 0 1 0 0 1 0 1 1 1 0 1 0 0 0 0 1 0 0 1 1 0 0 1 0 0 0 0 1 0 1 1 1 1 1 0 1 1 1 0 0 0 0 1 0 0 1 1 0 0 0 0 0 1 1 0 1 1 1 1 1 1 1 0 1 0 1 0 1 1 0 1 1 1 1 1 0 0 1 0 0 0 1 1 0 0 0 1 0 1 1 1 1 1 1 0 0 1 1 1 1 1 0 1 1 0 0 0 0 1 1 1 1 0 0 1 0 0 0 1 1 1 0 1 0 1 1 1 0 3 0 3198.82 1
2453.39 3 3 2 3 2 2 2 4 3 3 3 4 3 1 0 0 1 1 1 0 0 0 1 1 1 1 1 1 1 0 1 1 1 1 0 1 1 1 1 0 1 0 1 0 0 1 1 1 0 1 1 1 1 0 1 1 1 1 1 0 0 1 1 1 0 1 1 1 1 0 1 1 0 1 1 1 1 0 0 0 0 0 0 0 1 0 0 1 1 0 1 1 1 0 1 0 0 1 0 0 1 1 1 1 1 0 0 1 1 1 0 1 1 1 0 0 0 1 1 1 1 1 1 0 1 1 1 1 1 1 1 1 0 1 1 0 1 1 0 0 0 0 0 1 0 0 0 0 1 1 0 0 1 1 0 1 1 0 1 0 1 1 1 1 1 1 0 0 0 1 1 2 1 2762.30 0
3773.89 4 2 2 4 3 4 2 3 3 2 4 2 4 2 1 0 1 1 0 1 1 1 0 0 0 1 0 1 1 1 1 0 0 0 1 1 0 0 1 1 1 0 0 0 0 0 0 0 0 1 1 0 0 0 1 1 1 1 0 1 0 1 0 1 0 1 0 1 1 1 1 0 1 0 0 1 1 0 1 1 0 0 1 1 1 0 0 0 1 0 0 0 1 0 1 1 1 1 1 1 0 0 0 0 1 0 1 0 0 0 1 0 1 1 0 1 0 0 0 0 1 1 1 0 1 0 1 1 0 1 0 1 0 0 1 0 1 0 0 1 0 1 0 1 1 0 0 0 1 0 1 0 0 0 0 0 1 0 1 1 1 0 1 0 0 1 1 0 0 0 1 1 0 2293.47 1
3318.26 3 1 4 3 2 2 1 3 2 2 3 2 3 3 0 0 1 1 1 1 0 1 1 1 0 1 1 1 1 1 0 0 1 0 0 0 0 0 1 1 0 0 0 0 0 0 1 0 0 1 0 0 0 1 1 1 0 1 1 0 0 1 1 0 1 1 1 0 0 0 1 1 0 1 0 0 0 0 1 0 1 1 0 0 1 1 1 1 0 0 0 0 0 0 1 1 1 0 0 1 0 1 1 1 0 0 0 1 0 1 1 0 0 0 1 1 0 1 1 1 1 1 1 0 1 0 0 0 0 0 1 0 1 1 1 0 0 0 0 0 1 1 1 1 0 0 1 0 1 0 1 0 0 1 0 1 0 0 1 0 1 1 1 0 1 1 1 0 0 0 1 3 1 2782.40 0
3158.21 3 2 3 2 4 4 2 3 4 2 2 3 4 2 0 1 0 0 1 1 0 0 0 1 0 0 0 0 1 0 0 0 0 1 1 0 0 0 0 1 0 1 0 1 1 0 0 0 0 0 1 0 0 0 0 0 1 1 0 1 1 1 1 0 0 1 1 1 0 0 0 1 0 1 1 0 1 1 1 0 1 1 1 0 1 1 0 0 0 0 0 1 1 1 0 1 1 1 1 1 0 0 0 1 1 1 1 1 0 1 1 0 1 1 0 0 1 0 0 1 1 0 1 1 1 1 1 1 0 0 1 1 1 1 1 1 1 0 1 0 1 1 0 1 0 0 0 1 1 0 0 0 1 1 0 1 0 1 1 1 0 1 0 0 1 1 0 0 1 1 1 2 1 2618.55 0
2716.97 3 1 4 4 1 4 4 3 1 3 3 4 2 1 1 0 1 1 1 0 1 1 1 1 0 1 0 0 1 1 1 0 0 1 1 1 1 0 1 1 0 0 0 1 1 0 1 1 1 0 1 1 1 1 0 1 1 0 0 1 0 0 0 1 1 1 0 0 1 0 0 0 0 1 0 0 0 0 1 0 0 1 0 0 0 1 1 1 1 1 0 0 1 0 0 1 0 0 0 0 1 1 1 1 0 0 0 1 0 1 0 0 1 1 0 1 0 0 1 0 0 1 0 1 1 1 1 1 0 0 0 0 0 1 0 0 1 0 0 0 0 1 1 1 0 0 0 0 0 0 0 1 1 0 0 0 1 1 1 1 1 1 0 1 1 1 0 0 1 0 0 1 1 2656.83 0
4098.18 3 4 1 1 2 2 2 2 4 2 1 4 2 4 0 1 1 1 1 0 0 0 1 1 0 1 0 0 0 1 0 0 1 1 0 0 0 1 1 0 0 0 1 0 1 1 1 1 1 0 1 0 1 1 1 1 0 1 1 1 0 1 1 1 0 0 0 1 0 1 1 0 1 1 0 1 0 0 1 1 1 1 0 1 0 1 1 1 1 1 0 0 1 1 0 1 1 0 1 0 0 1 1 1 1 0 0 0 1 1 0 1 0 0 1 0 1 0 0 1 1 0 1 1 0 0 0 1 1 0 1 1 0 0 1 0 0 1 1 1 0 1 0 1 0 0 0 0 1 0 0 0 1 1 1 0 1 0 1 0 0 1 0 0 1 0 0 0 1 0 0 2 1 3703.83 0