0 0 0 0 0 0 0 0 0 0 0 0 0 
1.33e+07 7420 4 2 3 0 0 0 0 0 2 0 0 
1.225e+07 8960 4 4 4 0 0 0 0 0 3 0 0 
1.225e+07 9960 3 2 2 0 0 0 0 0 2 0 0 
1.2215e+07 7500 4 2 2 0 0 0 0 0 3 0 0 
1.141e+07 7420 4 1 2 0 0 0 0 0 2 0 0 
1.085e+07 7500 3 3 1 0 0 0 0 0 2 0 0 
1.015e+07 8580 4 3 4 0 0 0 0 0 2 0 0 
1.015e+07 16200 5 3 2 0 0 0 0 0 0 0 0 
9.87e+06 8100 4 1 2 0 0 0 0 0 2 0 0 
9.8e+06 5750 3 2 4 0 0 0 0 0 1 0 0 
9.8e+06 13200 3 1 2 0 0 0 0 0 2 0 0 
9.681e+06 6000 4 3 2 0 0 0 0 0 2 0 0 
9.31e+06 6550 4 2 2 0 0 0 0 0 1 0 0 
9.24e+06 3500 4 2 2 0 0 0 0 0 2 0 0 
9.24e+06 7800 3 2 2 0 0 0 0 0 0 0 0 
9.1e+06 6000 4 1 2 0 0 0 0 0 2 0 0 
9.1e+06 6600 4 2 2 0 0 0 0 0 1 0 0 
8.96e+06 8500 3 2 4 0 0 0 0 0 2 0 0 
8.89e+06 4600 3 2 2 0 0 0 0 0 2 0 0 
8.855e+06 6420 3 2 2 0 0 0 0 0 1 0 0 
8.75e+06 4320 3 1 2 0 0 0 0 0 2 0 0 
8.68e+06 7155 3 2 1 0 0 0 0 0 2 0 0 
8.645e+06 8050 3 1 1 0 0 0 0 0 1 0 0 
8.645e+06 4560 3 2 2 0 0 0 0 0 1 0 0 
8.575e+06 8800 3 2 2 0 0 0 0 0 2 0 0 
8.54e+06 6540 4 2 2 0 0 0 0 0 2 0 0 
8.463e+06 6000 3 2 4 0 0 0 0 0 0 0 0 
8.4e+06 8875 3 1 1 0 0 0 0 0 1 0 0 
8.4e+06 7950 5 2 2 0 0 0 0 0 2 0 0 
8.4e+06 5500 4 2 2 0 0 0 0 0 1 0 0 
8.4e+06 7475 3 2 4 0 0 0 0 0 2 0 0 
8.4e+06 7000 3 1 4 0 0 0 0 0 2 0 0 
8.295e+06 4880 4 2 2 0 0 0 0 0 1 0 0 
8.19e+06 5960 3 3 2 0 0 0 0 0 1 0 0 
8.12e+06 6840 5 1 2 0 0 0 0 0 1 0 0 
8.08094e+06 7000 3 2 4 0 0 0 0 0 2 0 0 
8.043e+06 7482 3 2 3 0 0 0 0 0 1 0 0 
7.98e+06 9000 4 2 4 0 0 0 0 0 2 0 0 
7.9625e+06 6000 3 1 4 0 0 0 0 0 2 0 0 
7.91e+06 6000 4 2 4 0 0 0 0 0 1 0 0 
7.875e+06 6550 3 1 2 0 0 0 0 0 0 0 0 
7.84e+06 6360 3 2 4 0 0 0 0 0 0 0 0 
7.7e+06 6480 3 2 4 0 0 0 0 0 2 0 0 
7.7e+06 6000 4 2 4 0 0 0 0 0 2 0 0 
7.56e+06 6000 4 2 4 0 0 0 0 0 1 0 0 
7.56e+06 6000 3 2 3 0 0 0 0 0 0 0 0 
7.525e+06 6000 3 2 4 0 0 0 0 0 1 0 0 
7.49e+06 6600 3 1 4 0 0 0 0 0 3 0 0 
7.455e+06 4300 3 2 2 0 0 0 0 0 1 0 0 
7.42e+06 7440 3 2 1 0 0 0 0 0 0 0 0 
7.42e+06 7440 3 2 4 0 0 0 0 0 1 0 0 
7.42e+06 6325 3 1 4 0 0 0 0 0 1 0 0 
7.35e+06 6000 4 2 4 0 0 0 0 0 1 0 0 
7.35e+06 5150 3 2 4 0 0 0 0 0 2 0 0 
7.35e+06 6000 3 2 2 0 0 0 0 0 1 0 0 
7.35e+06 6000 3 1 2 0 0 0 0 0 1 0 0 
7.343e+06 11440 4 1 2 0 0 0 0 0 1 0 0 
7.245e+06 9000 4 2 4 0 0 0 0 0 1 0 0 
7.21e+06 7680 4 2 4 0 0 0 0 0 1 0 0 
7.21e+06 6000 3 2 4 0 0 0 0 0 1 0 0 
7.14e+06 6000 3 2 2 0 0 0 0 0 1 0 0 
7.07e+06 8880 2 1 1 0 0 0 0 0 1 0 0 
7.07e+06 6240 4 2 2 0 0 0 0 0 1 0 0 
7.035e+06 6360 4 2 3 0 0 0 0 0 2 0 0 
7e+06 11175 3 1 1 0 0 0 0 0 1 0 0 
6.93e+06 8880 3 2 2 0 0 0 0 0 1 0 0 
6.93e+06 13200 2 1 1 0 0 0 0 0 1 0 0 
6.895e+06 7700 3 2 1 0 0 0 0 0 2 0 0 
6.86e+06 6000 3 1 1 0 0 0 0 0 1 0 0 
6.79e+06 12090 4 2 2 0 0 0 0 0 2 0 0 
6.79e+06 4000 3 2 2 0 0 0 0 0 0 0 0 
6.755e+06 6000 4 2 4 0 0 0 0 0 0 0 0 
6.72e+06 5020 3 1 4 0 0 0 0 0 0 0 0 
6.685e+06 6600 2 2 4 0 0 0 0 0 0 0 0 
6.65e+06 4040 3 1 2 0 0 0 0 0 1 0 0 
6.65e+06 4260 4 2 2 0 0 0 0 0 0 0 0 
6.65e+06 6420 3 2 3 0 0 0 0 0 0 0 0 
6.65e+06 6500 3 2 3 0 0 0 0 0 0 0 0 
6.65e+06 5700 3 1 1 0 0 0 0 0 2 0 0 
6.65e+06 6000 3 2 3 0 0 0 0 0 0 0 0 
6.629e+06 6000 3 1 2 0 0 0 0 0 1 0 0 
6.615e+06 4000 3 2 2 0 0 0 0 0 1 0 0 
6.615e+06 10500 3 2 1 0 0 0 0 0 1 0 0 
6.58e+06 6000 3 2 4 0 0 0 0 0 0 0 0 
6.51e+06 3760 3 1 2 0 0 0 0 0 2 0 0 
6.51e+06 8250 3 2 3 0 0 0 0 0 0 0 0 
6.51e+06 6670 3 1 3 0 0 0 0 0 0 0 0 
6.475e+06 3960 3 1 1 0 0 0 0 0 2 0 0 
6.475e+06 7410 3 1 1 0 0 0 0 0 2 0 0 
6.44e+06 8580 5 3 2 0 0 0 0 0 2 0 0 
6.44e+06 5000 3 1 2 0 0 0 0 0 0 0 0 
6.419e+06 6750 2 1 1 0 0 0 0 0 2 0 0 
6.405e+06 4800 3 2 4 0 0 0 0 0 0 0 0 
6.3e+06 7200 3 2 1 0 0 0 0 0 3 0 0 
6.3e+06 6000 4 2 4 0 0 0 0 0 1 0 0 
6.3e+06 4100 3 2 3 0 0 0 0 0 2 0 0 
6.3e+06 9000 3 1 1 0 0 0 0 0 1 0 0 
6.3e+06 6400 3 1 1 0 0 0 0 0 1 0 0 
6.293e+06 6600 3 2 3 0 0 0 0 0 0 0 0 
6.265e+06 6000 4 1 3 0 0 0 0 0 0 0 0 
6.23e+06 6600 3 2 1 0 0 0 0 0 0 0 0 
6.23e+06 5500 3 1 3 0 0 0 0 0 1 0 0 
6.195e+06 5500 3 2 4 0 0 0 0 0 1 0 0 
6.195e+06 6350 3 2 3 0 0 0 0 0 0 0 0 
6.195e+06 5500 3 2 1 0 0 0 0 0 2 0 0 
6.16e+06 4500 3 1 4 0 0 0 0 0 0 0 0 
6.16e+06 5450 4 2 1 0 0 0 0 0 0 0 0 
6.125e+06 6420 3 1 3 0 0 0 0 0 0 0 0 
6.1075e+06 3240 4 1 3 0 0 0 0 0 1 0 0 
6.09e+06 6615 4 2 2 0 0 0 0 0 1 0 0 
6.09e+06 6600 3 1 1 0 0 0 0 0 2 0 0 
6.09e+06 8372 3 1 3 0 0 0 0 0 2 0 0 
6.083e+06 4300 6 2 2 0 0 0 0 0 0 0 0 
6.083e+06 9620 3 1 1 0 0 0 0 0 2 0 0 
6.02e+06 6800 2 1 1 0 0 0 0 0 2 0 0 
6.02e+06 8000 3 1 1 0 0 0 0 0 2 0 0 
6.02e+06 6900 3 2 1 0 0 0 0 0 0 0 0 
5.95e+06 3700 4 1 2 0 0 0 0 0 0 0 0 
5.95e+06 6420 3 1 1 0 0 0 0 0 0 0 0 
5.95e+06 7020 3 1 1 0 0 0 0 0 2 0 0 
5.95e+06 6540 3 1 1 0 0 0 0 0 2 0 0 
5.95e+06 7231 3 1 2 0 0 0 0 0 0 0 0 
5.95e+06 6254 4 2 1 0 0 0 0 0 1 0 0 
5.95e+06 7320 4 2 2 0 0 0 0 0 0 0 0 
5.95e+06 6525 3 2 4 0 0 0 0 0 1 0 0 
5.943e+06 15600 3 1 1 0 0 0 0 0 2 0 0 
5.88e+06 7160 3 1 1 0 0 0 0 0 2 0 0 
5.88e+06 6500 3 2 3 0 0 0 0 0 0 0 0 
5.873e+06 5500 3 1 3 0 0 0 0 0 1 0 0 
5.873e+06 11460 3 1 3 0 0 0 0 0 2 0 0 
5.866e+06 4800 3 1 1 0 0 0 0 0 0 0 0 
5.81e+06 5828 4 1 4 0 0 0 0 0 0 0 0 
5.81e+06 5200 3 1 3 0 0 0 0 0 0 0 0 
5.81e+06 4800 3 1 3 0 0 0 0 0 0 0 0 
5.803e+06 7000 3 1 1 0 0 0 0 0 2 0 0 
5.775e+06 6000 3 2 4 0 0 0 0 0 0 0 0 
5.74e+06 5400 4 2 2 0 0 0 0 0 2 0 0 
5.74e+06 4640 4 1 2 0 0 0 0 0 1 0 0 
5.74e+06 5000 3 1 3 0 0 0 0 0 0 0 0 
5.74e+06 6360 3 1 1 0 0 0 0 0 2 0 0 
5.74e+06 5800 3 2 4 0 0 0 0 0 0 0 0 
5.6525e+06 6660 4 2 2 0 0 0 0 0 1 0 0 
5.6e+06 10500 4 2 2 0 0 0 0 0 1 0 0 
5.6e+06 4800 5 2 3 0 0 0 0 0 0 0 0 
5.6e+06 4700 4 1 2 0 0 0 0 0 1 0 0 
5.6e+06 5000 3 1 4 0 0 0 0 0 0 0 0 
5.6e+06 10500 2 1 1 0 0 0 0 0 1 0 0 
5.6e+06 5500 3 2 2 0 0 0 0 0 1 0 0 
5.6e+06 6360 3 1 3 0 0 0 0 0 0 0 0 
5.6e+06 6600 4 2 1 0 0 0 0 0 0 0 0 
5.6e+06 5136 3 1 2 0 0 0 0 0 0 0 0 
5.565e+06 4400 4 1 2 0 0 0 0 0 2 0 0 
5.565e+06 5400 5 1 2 0 0 0 0 0 0 0 0 
5.53e+06 3300 3 3 2 0 0 0 0 0 0 0 0 
5.53e+06 3650 3 2 2 0 0 0 0 0 2 0 0 
5.53e+06 6100 3 2 1 0 0 0 0 0 2 0 0 
5.523e+06 6900 3 1 1 0 0 0 0 0 0 0 0 
5.495e+06 2817 4 2 2 0 0 0 0 0 1 0 0 
5.495e+06 7980 3 1 1 0 0 0 0 0 2 0 0 
5.46e+06 3150 3 2 1 0 0 0 0 0 0 0 0 
5.46e+06 6210 4 1 4 0 0 0 0 0 0 0 0 
5.46e+06 6100 3 1 3 0 0 0 0 0 0 0 0 
5.46e+06 6600 4 2 2 0 0 0 0 0 0 0 0 
5.425e+06 6825 3 1 1 0 0 0 0 0 0 0 0 
5.39e+06 6710 3 2 2 0 0 0 0 0 1 0 0 
5.383e+06 6450 3 2 1 0 0 0 0 0 0 0 0 
5.32e+06 7800 3 1 1 0 0 0 0 0 2 0 0 
5.285e+06 4600 2 2 1 0 0 0 0 0 2 0 0 
5.25e+06 4260 4 1 2 0 0 0 0 0 0 0 0 
5.25e+06 6540 4 2 2 0 0 0 0 0 0 0 0 
5.25e+06 5500 3 2 1 0 0 0 0 0 0 0 0 
5.25e+06 10269 3 1 1 0 0 0 0 0 1 0 0 
5.25e+06 8400 3 1 2 0 0 0 0 0 2 0 0 
5.25e+06 5300 4 2 1 0 0 0 0 0 0 0 0 
5.25e+06 3800 3 1 2 0 0 0 0 0 1 0 0 
5.25e+06 9800 4 2 2 0 0 0 0 0 2 0 0 
5.25e+06 8520 3 1 1 0 0 0 0 0 2 0 0 
5.243e+06 6050 3 1 1 0 0 0 0 0 0 0 0 
5.229e+06 7085 3 1 1 0 0 0 0 0 2 0 0 
5.215e+06 3180 3 2 2 0 0 0 0 0 2 0 0 
5.215e+06 4500 4 2 1 0 0 0 0 0 2 0 0 
5.215e+06 7200 3 1 2 0 0 0 0 0 1 0 0 
5.145e+06 3410 3 1 2 0 0 0 0 0 0 0 0 
5.145e+06 7980 3 1 1 0 0 0 0 0 1 0 0 
5.11e+06 3000 3 2 2 0 0 0 0 0 0 0 0 
5.11e+06 3000 3 1 2 0 0 0 0 0 0 0 0 
5.11e+06 11410 2 1 2 0 0 0 0 0 0 0 0 
5.11e+06 6100 3 1 1 0 0 0 0 0 0 0 0 
5.075e+06 5720 2 1 2 0 0 0 0 0 0 0 0 
5.04e+06 3540 2 1 1 0 0 0 0 0 0 0 0 
5.04e+06 7600 4 1 2 0 0 0 0 0 2 0 0 
5.04e+06 10700 3 1 2 0 0 0 0 0 0 0 0 
5.04e+06 6600 3 1 1 0 0 0 0 0 0 0 0 
5.033e+06 4800 2 1 1 0 0 0 0 0 0 0 0 
5.005e+06 8150 3 2 1 0 0 0 0 0 0 0 0 
4.97e+06 4410 4 3 2 0 0 0 0 0 2 0 0 
4.97e+06 7686 3 1 1 0 0 0 0 0 0 0 0 
4.956e+06 2800 3 2 2 0 0 0 0 0 1 0 0 
4.935e+06 5948 3 1 2 0 0 0 0 0 0 0 0 
4.907e+06 4200 3 1 2 0 0 0 0 0 1 0 0 
4.9e+06 4520 3 1 2 0 0 0 0 0 0 0 0 
4.9e+06 4095 3 1 2 0 0 0 0 0 0 0 0 
4.9e+06 4120 2 1 1 0 0 0 0 0 1 0 0 
4.9e+06 5400 4 1 2 0 0 0 0 0 0 0 0 
4.9e+06 4770 3 1 1 0 0 0 0 0 0 0 0 
4.9e+06 6300 3 1 1 0 0 0 0 0 2 0 0 
4.9e+06 5800 2 1 1 0 0 0 0 0 0 0 0 
4.9e+06 3000 3 1 2 0 0 0 0 0 0 0 0 
4.9e+06 2970 3 1 3 0 0 0 0 0 0 0 0 
4.9e+06 6720 3 1 1 0 0 0 0 0 0 0 0 
4.9e+06 4646 3 1 2 0 0 0 0 0 2 0 0 
4.9e+06 12900 3 1 1 0 0 0 0 0 2 0 0 
4.893e+06 3420 4 2 2 0 0 0 0 0 2 0 0 
4.893e+06 4995 4 2 1 0 0 0 0 0 0 0 0 
4.865e+06 4350 2 1 1 0 0 0 0 0 0 0 0 
4.83e+06 4160 3 1 3 0 0 0 0 0 0 0 0 
4.83e+06 6040 3 1 1 0 0 0 0 0 2 0 0 
4.83e+06 6862 3 1 2 0 0 0 0 0 2 0 0 
4.83e+06 4815 2 1 1 0 0 0 0 0 0 0 0 
4.795e+06 7000 3 1 2 0 0 0 0 0 0 0 0 
4.795e+06 8100 4 1 4 0 0 0 0 0 2 0 0 
4.767e+06 3420 4 2 2 0 0 0 0 0 0 0 0 
4.76e+06 9166 2 1 1 0 0 0 0 0 2 0 0 
4.76e+06 6321 3 1 2 0 0 0 0 0 1 0 0 
4.76e+06 10240 2 1 1 0 0 0 0 0 2 0 0 
4.753e+06 6440 2 1 1 0 0 0 0 0 3 0 0 
4.69e+06 5170 3 1 4 0 0 0 0 0 0 0 0 
4.69e+06 6000 2 1 1 0 0 0 0 0 1 0 0 
4.69e+06 3630 3 1 2 0 0 0 0 0 2 0 0 
4.69e+06 9667 4 2 2 0 0 0 0 0 1 0 0 
4.69e+06 5400 2 1 2 0 0 0 0 0 0 0 0 
4.69e+06 4320 3 1 1 0 0 0 0 0 0 0 0 
4.655e+06 3745 3 1 2 0 0 0 0 0 0 0 0 
4.62e+06 4160 3 1 1 0 0 0 0 0 0 0 0 
4.62e+06 3880 3 2 2 0 0 0 0 0 2 0 0 
4.62e+06 5680 3 1 2 0 0 0 0 0 1 0 0 
4.62e+06 2870 2 1 2 0 0 0 0 0 0 0 0 
4.62e+06 5010 3 1 2 0 0 0 0 0 0 0 0 
4.613e+06 4510 4 2 2 0 0 0 0 0 0 0 0 
4.585e+06 4000 3 1 2 0 0 0 0 0 1 0 0 
4.585e+06 3840 3 1 2 0 0 0 0 0 1 0 0 
4.55e+06 3760 3 1 1 0 0 0 0 0 2 0 0 
4.55e+06 3640 3 1 2 0 0 0 0 0 0 0 0 
4.55e+06 2550 3 1 2 0 0 0 0 0 0 0 0 
4.55e+06 5320 3 1 2 0 0 0 0 0 0 0 0 
4.55e+06 5360 3 1 2 0 0 0 0 0 2 0 0 
4.55e+06 3520 3 1 1 0 0 0 0 0 0 0 0 
4.55e+06 8400 4 1 4 0 0 0 0 0 3 0 0 
4.543e+06 4100 2 2 1 0 0 0 0 0 0 0 0 
4.543e+06 4990 4 2 2 0 0 0 0 0 0 0 0 
4.515e+06 3510 3 1 3 0 0 0 0 0 0 0 0 
4.515e+06 3450 3 1 2 0 0 0 0 0 1 0 0 
4.515e+06 9860 3 1 1 0 0 0 0 0 0 0 0 
4.515e+06 3520 2 1 2 0 0 0 0 0 0 0 0 
4.48e+06 4510 4 1 2 0 0 0 0 0 2 0 0 
4.48e+06 5885 2 1 1 0 0 0 0 0 1 0 0 
4.48e+06 4000 3 1 2 0 0 0 0 0 2 0 0 
4.48e+06 8250 3 1 1 0 0 0 0 0 0 0 0 
4.48e+06 4040 3 1 2 0 0 0 0 0 1 0 0 
4.473e+06 6360 2 1 1 0 0 0 0 0 1 0 0 
4.473e+06 3162 3 1 2 0 0 0 0 0 1 0 0 
4.473e+06 3510 3 1 2 0 0 0 0 0 0 0 0 
4.445e+06 3750 2 1 1 0 0 0 0 0 0 0 0 
4.41e+06 3968 3 1 2 0 0 0 0 0 0 0 0 
4.41e+06 4900 2 1 2 0 0 0 0 0 0 0 0 
4.403e+06 2880 3 1 2 0 0 0 0 0 0 0 0 
4.403e+06 4880 3 1 1 0 0 0 0 0 2 0 0 
4.403e+06 4920 3 1 2 0 0 0 0 0 1 0 0 
4.382e+06 4950 4 1 2 0 0 0 0 0 0 0 0 
4.375e+06 3900 3 1 2 0 0 0 0 0 0 0 0 
4.34e+06 4500 3 2 3 0 0 0 0 0 1 0 0 
4.34e+06 1905 5 1 2 0 0 0 0 0 0 0 0 
4.34e+06 4075 3 1 1 0 0 0 0 0 2 0 0 
4.34e+06 3500 4 1 2 0 0 0 0 0 2 0 0 
4.34e+06 6450 4 1 2 0 0 0 0 0 0 0 0 
4.319e+06 4032 2 1 1 0 0 0 0 0 0 0 0 
4.305e+06 4400 2 1 1 0 0 0 0 0 1 0 0 
4.305e+06 10360 2 1 1 0 0 0 0 0 1 0 0 
4.277e+06 3400 3 1 2 0 0 0 0 0 2 0 0 
4.27e+06 6360 2 1 1 0 0 0 0 0 0 0 0 
4.27e+06 6360 2 1 2 0 0 0 0 0 0 0 0 
4.27e+06 4500 2 1 1 0 0 0 0 0 2 0 0 
4.27e+06 2175 3 1 2 0 0 0 0 0 0 0 0 
4.27e+06 4360 4 1 2 0 0 0 0 0 0 0 0 
4.27e+06 7770 2 1 1 0 0 0 0 0 1 0 0 
4.235e+06 6650 3 1 2 0 0 0 0 0 0 0 0 
4.235e+06 2787 3 1 1 0 0 0 0 0 0 0 0 
4.2e+06 5500 3 1 2 0 0 0 0 0 0 0 0 
4.2e+06 5040 3 1 2 0 0 0 0 0 0 0 0 
4.2e+06 5850 2 1 1 0 0 0 0 0 2 0 0 
4.2e+06 2610 4 3 2 0 0 0 0 0 0 0 0 
4.2e+06 2953 3 1 2 0 0 0 0 0 0 0 0 
4.2e+06 2747 4 2 2 0 0 0 0 0 0 0 0 
4.2e+06 4410 2 1 1 0 0 0 0 0 1 0 0 
4.2e+06 4000 4 2 2 0 0 0 0 0 0 0 0 
4.2e+06 2325 3 1 2 0 0 0 0 0 0 0 0 
4.2e+06 4600 3 2 2 0 0 0 0 0 1 0 0 
4.2e+06 3640 3 2 2 0 0 0 0 0 0 0 0 
4.2e+06 5800 3 1 1 0 0 0 0 0 2 0 0 
4.2e+06 7000 3 1 1 0 0 0 0 0 3 0 0 
4.2e+06 4079 3 1 3 0 0 0 0 0 0 0 0 
4.2e+06 3520 3 1 2 0 0 0 0 0 0 0 0 
4.2e+06 2145 3 1 3 0 0 0 0 0 1 0 0 
4.2e+06 4500 3 1 1 0 0 0 0 0 0 0 0 
4.193e+06 8250 3 1 1 0 0 0 0 0 3 0 0 
4.193e+06 3450 3 1 2 0 0 0 0 0 1 0 0 
4.165e+06 4840 3 1 2 0 0 0 0 0 1 0 0 
4.165e+06 4080 3 1 2 0 0 0 0 0 2 0 0 
4.165e+06 4046 3 1 2 0 0 0 0 0 1 0 0 
4.13e+06 4632 4 1 2 0 0 0 0 0 0 0 0 
4.13e+06 5985 3 1 1 0 0 0 0 0 0 0 0 
4.123e+06 6060 2 1 1 0 0 0 0 0 1 0 0 
4.0985e+06 3600 3 1 1 0 0 0 0 0 0 0 0 
4.095e+06 3680 3 2 2 0 0 0 0 0 0 0 0 
4.095e+06 4040 2 1 2 0 0 0 0 0 1 0 0 
4.095e+06 5600 2 1 1 0 0 0 0 0 0 0 0 
4.06e+06 5900 4 2 2 0 0 0 0 0 1 0 0 
4.06e+06 4992 3 2 2 0 0 0 0 0 2 0 0 
4.06e+06 4340 3 1 1 0 0 0 0 0 0 0 0 
4.06e+06 3000 4 1 3 0 0 0 0 0 2 0 0 
4.06e+06 4320 3 1 2 0 0 0 0 0 2 0 0 
4.025e+06 3630 3 2 2 0 0 0 0 0 2 0 0 
4.025e+06 3460 3 2 1 0 0 0 0 0 1 0 0 
4.025e+06 5400 3 1 1 0 0 0 0 0 3 0 0 
4.0075e+06 4500 3 1 2 0 0 0 0 0 0 0 0 
4.0075e+06 3460 4 1 2 0 0 0 0 0 0 0 0 
3.99e+06 4100 4 1 1 0 0 0 0 0 0 0 0 
3.99e+06 6480 3 1 2 0 0 0 0 0 1 0 0 
3.99e+06 4500 3 2 2 0 0 0 0 0 0 0 0 
3.99e+06 3960 3 1 2 0 0 0 0 0 0 0 0 
3.99e+06 4050 2 1 2 0 0 0 0 0 0 0 0 
3.92e+06 7260 3 2 1 0 0 0 0 0 3 0 0 
3.92e+06 5500 4 1 2 0 0 0 0 0 0 0 0 
3.92e+06 3000 3 1 2 0 0 0 0 0 0 0 0 
3.92e+06 3290 2 1 1 0 0 0 0 0 1 0 0 
3.92e+06 3816 2 1 1 0 0 0 0 0 2 0 0 
3.92e+06 8080 3 1 1 0 0 0 0 0 2 0 0 
3.92e+06 2145 4 2 1 0 0 0 0 0 0 0 0 
3.885e+06 3780 2 1 2 0 0 0 0 0 0 0 0 
3.885e+06 3180 4 2 2 0 0 0 0 0 0 0 0 
3.85e+06 5300 5 2 2 0 0 0 0 0 0 0 0 
3.85e+06 3180 2 2 1 0 0 0 0 0 2 0 0 
3.85e+06 7152 3 1 2 0 0 0 0 0 0 0 0 
3.85e+06 4080 2 1 1 0 0 0 0 0 0 0 0 
3.85e+06 3850 2 1 1 0 0 0 0 0 0 0 0 
3.85e+06 2015 3 1 2 0 0 0 0 0 0 0 0 
3.85e+06 2176 2 1 2 0 0 0 0 0 0 0 0 
3.836e+06 3350 3 1 2 0 0 0 0 0 0 0 0 
3.815e+06 3150 2 2 1 0 0 0 0 0 0 0 0 
3.78e+06 4820 3 1 2 0 0 0 0 0 0 0 0 
3.78e+06 3420 2 1 2 0 0 0 0 0 1 0 0 
3.78e+06 3600 2 1 1 0 0 0 0 0 0 0 0 
3.78e+06 5830 2 1 1 0 0 0 0 0 2 0 0 
3.78e+06 2856 3 1 3 0 0 0 0 0 0 0 0 
3.78e+06 8400 2 1 1 0 0 0 0 0 1 0 0 
3.773e+06 8250 3 1 1 0 0 0 0 0 2 0 0 
3.773e+06 2520 5 2 1 0 0 0 0 0 1 0 0 
3.773e+06 6930 4 1 2 0 0 0 0 0 1 0 0 
3.745e+06 3480 2 1 1 0 0 0 0 0 0 0 0 
3.71e+06 3600 3 1 1 0 0 0 0 0 1 0 0 
3.71e+06 4040 2 1 1 0 0 0 0 0 0 0 0 
3.71e+06 6020 3 1 1 0 0 0 0 0 0 0 0 
3.71e+06 4050 2 1 1 0 0 0 0 0 0 0 0 
3.71e+06 3584 2 1 1 0 0 0 0 0 0 0 0 
3.703e+06 3120 3 1 2 0 0 0 0 0 0 0 0 
3.703e+06 5450 2 1 1 0 0 0 0 0 0 0 0 
3.675e+06 3630 2 1 1 0 0 0 0 0 0 0 0 
3.675e+06 3630 2 1 1 0 0 0 0 0 0 0 0 
3.675e+06 5640 2 1 1 0 0 0 0 0 0 0 0 
3.675e+06 3600 2 1 1 0 0 0 0 0 0 0 0 
3.64e+06 4280 2 1 1 0 0 0 0 0 2 0 0 
3.64e+06 3570 3 1 2 0 0 0 0 0 0 0 0 
3.64e+06 3180 3 1 2 0 0 0 0 0 0 0 0 
3.64e+06 3000 2 1 2 0 0 0 0 0 0 0 0 
3.64e+06 3520 2 2 1 0 0 0 0 0 0 0 0 
3.64e+06 5960 3 1 2 0 0 0 0 0 0 0 0 
3.64e+06 4130 3 2 2 0 0 0 0 0 2 0 0 
3.64e+06 2850 3 2 2 0 0 0 0 0 0 0 0 
3.64e+06 2275 3 1 3 0 0 0 0 0 0 0 0 
3.633e+06 3520 3 1 1 0 0 0 0 0 2 0 0 
3.605e+06 4500 2 1 1 0 0 0 0 0 0 0 0 
3.605e+06 4000 2 1 1 0 0 0 0 0 0 0 0 
3.57e+06 3150 3 1 2 0 0 0 0 0 0 0 0 
3.57e+06 4500 4 2 2 0 0 0 0 0 2 0 0 
3.57e+06 4500 2 1 1 0 0 0 0 0 0 0 0 
3.57e+06 3640 2 1 1 0 0 0 0 0 0 0 0 
3.535e+06 3850 3 1 1 0 0 0 0 0 2 0 0 
3.5e+06 4240 3 1 2 0 0 0 0 0 0 0 0 
3.5e+06 3650 3 1 2 0 0 0 0 0 0 0 0 
3.5e+06 4600 4 1 2 0 0 0 0 0 0 0 0 
3.5e+06 2135 3 2 2 0 0 0 0 0 0 0 0 
3.5e+06 3036 3 1 2 0 0 0 0 0 0 0 0 
3.5e+06 3990 3 1 2 0 0 0 0 0 0 0 0 
3.5e+06 7424 3 1 1 0 0 0 0 0 0 0 0 
3.5e+06 3480 3 1 1 0 0 0 0 0 0 0 0 
3.5e+06 3600 6 1 2 0 0 0 0 0 1 0 0 
3.5e+06 3640 2 1 1 0 0 0 0 0 1 0 0 
3.5e+06 5900 2 1 1 0 0 0 0 0 1 0 0 
3.5e+06 3120 3 1 2 0 0 0 0 0 1 0 0 
3.5e+06 7350 2 1 1 0 0 0 0 0 1 0 0 
3.5e+06 3512 2 1 1 0 0 0 0 0 1 0 0 
3.5e+06 9500 3 1 2 0 0 0 0 0 3 0 0 
3.5e+06 5880 2 1 1 0 0 0 0 0 0 0 0 
3.5e+06 12944 3 1 1 0 0 0 0 0 0 0 0 
3.493e+06 4900 3 1 2 0 0 0 0 0 0 0 0 
3.465e+06 3060 3 1 1 0 0 0 0 0 0 0 0 
3.465e+06 5320 2 1 1 0 0 0 0 0 1 0 0 
3.465e+06 2145 3 1 3 0 0 0 0 0 0 0 0 
3.43e+06 4000 2 1 1 0 0 0 0 0 0 0 0 
3.43e+06 3185 2 1 1 0 0 0 0 0 2 0 0 
3.43e+06 3850 3 1 1 0 0 0 0 0 0 0 0 
3.43e+06 2145 3 1 3 0 0 0 0 0 0 0 0 
3.43e+06 2610 3 1 2 0 0 0 0 0 0 0 0 
3.43e+06 1950 3 2 2 0 0 0 0 0 0 0 0 
3.423e+06 4040 2 1 1 0 0 0 0 0 0 0 0 
3.395e+06 4785 3 1 2 0 0 0 0 0 1 0 0 
3.395e+06 3450 3 1 1 0 0 0 0 0 2 0 0 
3.395e+06 3640 2 1 1 0 0 0 0 0 0 0 0 
3.36e+06 3500 4 1 2 0 0 0 0 0 2 0 0 
3.36e+06 4960 4 1 3 0 0 0 0 0 0 0 0 
3.36e+06 4120 2 1 2 0 0 0 0 0 0 0 0 
3.36e+06 4750 2 1 1 0 0 0 0 0 0 0 0 
3.36e+06 3720 2 1 1 0 0 0 0 0 0 0 0 
3.36e+06 3750 3 1 1 0 0 0 0 0 0 0 0 
3.36e+06 3100 3 1 2 0 0 0 0 0 0 0 0 
3.36e+06 3185 2 1 1 0 0 0 0 0 2 0 0 
3.353e+06 2700 3 1 1 0 0 0 0 0 0 0 0 
3.332e+06 2145 3 1 2 0 0 0 0 0 0 0 0 
3.325e+06 4040 2 1 1 0 0 0 0 0 1 0 0 
3.325e+06 4775 4 1 2 0 0 0 0 0 0 0 0 
3.29e+06 2500 2 1 1 0 0 0 0 0 0 0 0 
3.29e+06 3180 4 1 2 0 0 0 0 0 0 0 0 
3.29e+06 6060 3 1 1 0 0 0 0 0 0 0 0 
3.29e+06 3480 4 1 2 0 0 0 0 0 1 0 0 
3.29e+06 3792 4 1 2 0 0 0 0 0 0 0 0 
3.29e+06 4040 2 1 1 0 0 0 0 0 0 0 0 
3.29e+06 2145 3 1 2 0 0 0 0 0 0 0 0 
3.29e+06 5880 3 1 1 0 0 0 0 0 1 0 0 
3.255e+06 4500 2 1 1 0 0 0 0 0 0 0 0 
3.255e+06 3930 2 1 1 0 0 0 0 0 0 0 0 
3.234e+06 3640 4 1 2 0 0 0 0 0 0 0 0 
3.22e+06 4370 3 1 2 0 0 0 0 0 0 0 0 
3.22e+06 2684 2 1 1 0 0 0 0 0 1 0 0 
3.22e+06 4320 3 1 1 0 0 0 0 0 1 0 0 
3.22e+06 3120 3 1 2 0 0 0 0 0 0 0 0 
3.15e+06 3450 1 1 1 0 0 0 0 0 0 0 0 
3.15e+06 3986 2 2 1 0 0 0 0 0 1 0 0 
3.15e+06 3500 2 1 1 0 0 0 0 0 0 0 0 
3.15e+06 4095 2 1 1 0 0 0 0 0 2 0 0 
3.15e+06 1650 3 1 2 0 0 0 0 0 0 0 0 
3.15e+06 3450 3 1 2 0 0 0 0 0 0 0 0 
3.15e+06 6750 2 1 1 0 0 0 0 0 0 0 0 
3.15e+06 9000 3 1 2 0 0 0 0 0 2 0 0 
3.15e+06 3069 2 1 1 0 0 0 0 0 1 0 0 
3.143e+06 4500 3 1 2 0 0 0 0 0 0 0 0 
3.129e+06 5495 3 1 1 0 0 0 0 0 0 0 0 
3.11885e+06 2398 3 1 1 0 0 0 0 0 0 0 0 
3.115e+06 3000 3 1 1 0 0 0 0 0 0 0 0 
3.115e+06 3850 3 1 2 0 0 0 0 0 0 0 0 
3.115e+06 3500 2 1 1 0 0 0 0 0 0 0 0 
3.087e+06 8100 2 1 1 0 0 0 0 0 1 0 0 
3.08e+06 4960 2 1 1 0 0 0 0 0 0 0 0 
3.08e+06 2160 3 1 2 0 0 0 0 0 0 0 0 
3.08e+06 3090 2 1 1 0 0 0 0 0 0 0 0 
3.08e+06 4500 2 1 2 0 0 0 0 0 1 0 0 
3.045e+06 3800 2 1 1 0 0 0 0 0 0 0 0 
3.01e+06 3090 3 1 2 0 0 0 0 0 0 0 0 
3.01e+06 3240 3 1 2 0 0 0 0 0 2 0 0 
3.01e+06 2835 2 1 1 0 0 0 0 0 0 0 0 
3.01e+06 4600 2 1 1 0 0 0 0 0 0 0 0 
3.01e+06 5076 3 1 1 0 0 0 0 0 0 0 0 
3.01e+06 3750 3 1 2 0 0 0 0 0 0 0 0 
3.01e+06 3630 4 1 2 0 0 0 0 0 3 0 0 
3.003e+06 8050 2 1 1 0 0 0 0 0 0 0 0 
2.975e+06 4352 4 1 2 0 0 0 0 0 1 0 0 
2.961e+06 3000 2 1 2 0 0 0 0 0 0 0 0 
2.94e+06 5850 3 1 2 0 0 0 0 0 1 0 0 
2.94e+06 4960 2 1 1 0 0 0 0 0 0 0 0 
2.94e+06 3600 3 1 2 0 0 0 0 0 1 0 0 
2.94e+06 3660 4 1 2 0 0 0 0 0 0 0 0 
2.94e+06 3480 3 1 2 0 0 0 0 0 1 0 0 
2.94e+06 2700 2 1 1 0 0 0 0 0 0 0 0 
2.94e+06 3150 3 1 2 0 0 0 0 0 0 0 0 
2.94e+06 6615 3 1 2 0 0 0 0 0 0 0 0 
2.87e+06 3040 2 1 1 0 0 0 0 0 0 0 0 
2.87e+06 3630 2 1 1 0 0 0 0 0 0 0 0 
2.87e+06 6000 2 1 1 0 0 0 0 0 0 0 0 
2.87e+06 5400 4 1 2 0 0 0 0 0 0 0 0 
2.8525e+06 5200 4 1 3 0 0 0 0 0 0 0 0 
2.835e+06 3300 3 1 2 0 0 0 0 0 1 0 0 
2.835e+06 4350 3 1 2 0 0 0 0 0 1 0 0 
2.835e+06 2640 2 1 1 0 0 0 0 0 1 0 0 
2.8e+06 2650 3 1 2 0 0 0 0 0 1 0 0 
2.8e+06 3960 3 1 1 0 0 0 0 0 0 0 0 
2.73e+06 6800 2 1 1 0 0 0 0 0 0 0 0 
2.73e+06 4000 3 1 2 0 0 0 0 0 1 0 0 
2.695e+06 4000 2 1 1 0 0 0 0 0 0 0 0 
2.66e+06 3934 2 1 1 0 0 0 0 0 0 0 0 
2.66e+06 2000 2 1 2 0 0 0 0 0 0 0 0 
2.66e+06 3630 3 3 2 0 0 0 0 0 0 0 0 
2.66e+06 2800 3 1 1 0 0 0 0 0 0 0 0 
2.66e+06 2430 3 1 1 0 0 0 0 0 0 0 0 
2.66e+06 3480 2 1 1 0 0 0 0 0 1 0 0 
2.66e+06 4000 3 1 1 0 0 0 0 0 0 0 0 
2.653e+06 3185 2 1 1 0 0 0 0 0 0 0 0 
2.653e+06 4000 3 1 2 0 0 0 0 0 0 0 0 
2.604e+06 2910 2 1 1 0 0 0 0 0 0 0 0 
2.59e+06 3600 2 1 1 0 0 0 0 0 0 0 0 
2.59e+06 4400 2 1 1 0 0 0 0 0 0 0 0 
2.59e+06 3600 2 2 2 0 0 0 0 0 1 0 0 
2.52e+06 2880 3 1 1 0 0 0 0 0 0 0 0 
2.52e+06 3180 3 1 1 0 0 0 0 0 0 0 0 
2.52e+06 3000 2 1 2 0 0 0 0 0 0 0 0 
2.485e+06 4400 3 1 2 0 0 0 0 0 0 0 0 
2.485e+06 3000 3 1 2 0 0 0 0 0 0 0 0 
2.45e+06 3210 3 1 2 0 0 0 0 0 0 0 0 
2.45e+06 3240 2 1 1 0 0 0 0 0 1 0 0 
2.45e+06 3000 2 1 1 0 0 0 0 0 1 0 0 
2.45e+06 3500 2 1 1 0 0 0 0 0 0 0 0 
2.45e+06 4840 2 1 2 0 0 0 0 0 0 0 0 
2.45e+06 7700 2 1 1 0 0 0 0 0 0 0 0 
2.408e+06 3635 2 1 1 0 0 0 0 0 0 0 0 
2.38e+06 2475 3 1 2 0 0 0 0 0 0 0 0 
2.38e+06 2787 4 2 2 0 0 0 0 0 0 0 0 
2.38e+06 3264 2 1 1 0 0 0 0 0 0 0 0 
2.345e+06 3640 2 1 1 0 0 0 0 0 0 0 0 
2.31e+06 3180 2 1 1 0 0 0 0 0 0 0 0 
2.275e+06 1836 2 1 1 0 0 0 0 0 0 0 0 
2.275e+06 3970 1 1 1 0 0 0 0 0 0 0 0 
2.275e+06 3970 3 1 2 0 0 0 0 0 0 0 0 
2.24e+06 1950 3 1 1 0 0 0 0 0 0 0 0 
2.233e+06 5300 3 1 1 0 0 0 0 0 0 0 0 
2.135e+06 3000 2 1 1 0 0 0 0 0 0 0 0 
2.1e+06 2400 3 1 2 0 0 0 0 0 0 0 0 
2.1e+06 3000 4 1 2 0 0 0 0 0 0 0 0 
2.1e+06 3360 2 1 1 0 0 0 0 0 1 0 0 
1.96e+06 3420 5 1 2 0 0 0 0 0 0 0 0 
1.89e+06 1700 3 1 2 0 0 0 0 0 0 0 0 
1.89e+06 3649 2 1 1 0 0 0 0 0 0 0 0 
1.855e+06 2990 2 1 1 0 0 0 0 0 1 0 0 
1.82e+06 3000 2 1 1 0 0 0 0 0 2 0 0 
1.76715e+06 2400 3 1 1 0 0 0 0 0 0 0 0 
1.75e+06 3620 2 1 1 0 0 0 0 0 0 0 0 
1.75e+06 2910 3 1 1 0 0 0 0 0 0 0 0 
1.75e+06 3850 3 1 2 0 0 0 0 0 0 0 0 
